3989
9845
3527
-3310
2878
-383
-6130
-3326
-2974
-7822
-8694
-5707
-4397
17
-365
-2368
-2980
-3952
-6412
-1730
1737
-880
-2891
-3720
-4478
-4412
-1375
1876
2256
-114
3460
3155
8201
1760
2905
3343
-968
-1857
-3300
3184
3961
529
329
8737
-555
2725
799
-1407
1857
-495
-6604
-3683
2525
3845
4158
4731
4543
1119
8423
5640
7129
-729
755
-337
5915
12224
10212
9632
8767
12610
6679
5360
3774
3766
293
-4333
-9025
-5851
-1048
3038
-5066
-6373
-4687
-1836
2755
-444
1322
1220
-2400
-2742
-2466
-4182
2607
4494
5348
4542
5426
4331
1167
-4371
-6265
-4799
-1752
1620
-3450
-9965
-8482
-7466
-7561
-8444
-6533
-2172
-772
-2194
-7441
-8286
-12787
-8571
-7578
-9476
-6441
-5971
-1263
8758
7074
-2342
1099
2059
-4761
-4370
-2081
-5963
-8750
-6280
-4711
-1229
616
-1733
-2522
-3206
-5571
-3727
1715
212
-2009
-3395
-3788
-4611
-2117
901
3096
189
2730
3162
6964
4879
1209
4922
-284
-651
-3695
1561
4184
2476
-1089
7476
2956
602
3113
-1810
1570
808
-4322
-5804
1584
3319
4800
3947
5998
1012
6777
6771
7041
2338
-562
949
2402
11939
10417
10603
8135
12356
8803
5647
4417
4020
1861
-2440
-7768
-7152
-2543
2646
-1594
-7049
-4367
-3544
2439
574
679
1845
-928
-3059
-1692
-4226
457
4504
5161
5037
5101
5207
2470
-2249
-6092
-5028
-2963
1242
-891
-8223
-9219
-7198
-7450
-7755
-7632
-3028
-1096
-816
-5974
-7578
-11294
-10462
-6644
-9330
-7107
-5900
-3433
5801
9410
94
-733
3085
-2562
-5088
-2145
-4146
-8220
-7033
-4968
-2495
755
-840
-2226
-2699
-4567
-4975
547
1247
-1247
-2900
-3428
-4370
-2980
-4
2957
1235
1577
3513
5222
7122
1032
4742
1351
-314
-2877
-527
4012
3611
-603
4482
6255
-383
3798
-852
568
1603
-2101
-6460
-410
2993
4730
3926
5973
2495
4279
7866
6427
5132
-946
1488
565
9746
11158
10751
8633
10947
10855
6125
5077
4044
3088
-858
-5940
-7994
-3913
1196
1198
-6376
-4785
-4241
877
1788
193
1923
368
-2755
-1754
-3371
-1708
3952
4902
5397
4859
5603
3534
-301
-5260
-5345
-3786
122
779
-5833
-9506
-7395
-7281
-7305
-8024
-4380
-1455
-371
-4031
-7244
-9521
-11659
-6911
-8470
-7985
-5885
-4729
2494
9762
3410
-1706
2695
-171
-5011
-2863
-2794
-7076
-7695
-5329
-3517
155
27
-1858
-2394
-3656
-5344
-1239
1784
-438
-2308
-3213
-3927
-3681
-875
2192
2331
800
3471
4004
7701
2492
3406
3219
-207
-1631
-2175
3182
4096
867
1607
7686
619
2863
983
-510
1872
-382
-5648
-2822
2511
4192
4360
5168
4348
2391
7880
6316
6649
212
978
385
6448
11693
10578
9593
9461
11984
7201
5535
4201
3806
579
-4028
-7985
-5275
-533
2513
-4325
-5613
-4277
-1134
2453
248
1556
1297
-1888
-2200
-2360
-3122
2617
4699
5448
4890
5545
4437
1272
-3819
-5578
-4306
-1250
1410
-3295
-8961
-7971
-7075
-7125
-7852
-5826
-2009
-516
-2220
-6633
-8158
-11675
-8168
-7412
-8599
-6182
-5338
-465
8330
6517
-1226
1365
1710
-3991
-3780
-2135
-5582
-7932
-5911
-4202
-925
585
-1329
-2175
-2985
-5005
-3013
1530
421
-1679
-2972
-3515
-4022
-1767
1201
2910
798
2823
3557
6875
4682
2125
4371
363
-684
-2799
1678
4157
2370
69
6865
3037
1378
2624
-914
1535
785
-3967
-4729
1421
3575
4687
4439
5514
1946
6582
6848
6902
2420
119
930
3366
11160
10626
10310
8707
11861
8790
5873
4583
4078
1887
-2303
-7096
-6498
-2152
2335
-1649
-6067
-4295
-2781
2106
859
995
1782
-755
-2490
-1771
-3493
725
4395
5243
5108
5257
5102
2498
-2066
-5442
-4694
-2487
1101
-1098
-7553
-8577
-7017
-7065
-7457
-6923
-2927
-898
-1012
-5460
-7371
-10710
-9703
-6811
-8623
-6810
-5571
-2700
5750
8485
654
-96
2582
-2255
-4402
-2187
-4095
-7571
-6616
-4685
-2126
610
-661
-1950
-2549
-4307
-4260
478
1160
-1021
-2608
-3227
-3991
-2626
215
2797
1416
1904
3488
5500
6429
1879
4350
1554
-220
-2436
-102
3812
3397
53
4622
5468
634
3222
-316
736
1464
-2116
-5486
-350
3017
4602
4201
5668
2777
4645
7408
6621
4634
-122
1228
1454
9278
10948
10544
8821
10845
10353
6391
5054
4156
2937
-794
-5621
-7268
-3614
1173
646
-5516
-4656
-3699
832
1641
578
1833
325
-2305
-1734
-3072
-1162
3695
4947
5301
5010
5426
3488
-339
-4748
-5021
-3409
149
393
-5537
-8786
-7245
-6991
-7125
-7456
-4158
-1380
-517
-3898
-6860
-9354
-10754
-7046
-8095
-7548
-5750
-4145
2766
8860
3320
-879
2357
-309
-4356
-2748
-2947
-6658
-7200
-5162
-3159
69
-10
-1634
-2267
-3570
-4771
-1064
1507
-322
-2118
-3029
-3721
-3321
-708
2140
2184
1220
3300
4344
7047
2834
3497
2922
89
-1593
-1549
2963
3879
1012
2260
6672
1262
2730
928
-41
1618
-499
-5076
-2327
2257
4220
4275
5237
4013
3133
7231
6554
6026
744
964
760
6708
10685
14193
18862
12389
6520
9401
3873
-3496
-1049
-3796
-13608
-17826
-12168
-6201
928
-5450
-8864
-8384
-6232
-6037
-2094
2373
-950
-5916
-7062
-8358
-8217
73
5832
6615
3826
8316
6754
9301
-3228
-2554
-1807
-3103
-2280
-7628
-5490
-4362
-7813
-6951
1178
-7774
634
-1316
-4545
-5063
-9979
-19585
-12060
-5392
-4528
-2774
-255
3322
8487
14452
4548
8061
-1274
-3054
-5086
4746
6771
2859
3398
5261
11788
6066
3728
1046
125
-5771
-9026
-9535
-6140
-2568
-640
-11042
-10883
-7533
-548
4787
-608
4020
3550
2841
810
-1175
-1143
4000
3032
3117
5498
9216
8307
9164
10389
-1888
3536
1052
-7617
-3810
-3354
-13004
-14452
-6305
-2291
3070
3398
1470
-1662
1069
-1109
3238
3248
-1340
-3134
-1090
4634
4716
7311
9847
12825
7496
8539
6968
11710
2988
-354
-3822
-8024
-4828
-2691
592
-2076
-4534
-3012
10172
-447
3041
1597
-3167
-1097
-3331
-11040
-4030
5966
8440
8574
9523
8765
2811
6183
219
2262
-3974
854
-2655
-1248
4135
3243
2568
1515
6234
3270
4033
1953
-2006
-7940
-16086
-19719
-13959
-9678
-4422
-11992
-9728
-262
5132
3250
-1255
3099
-1992
-7321
-6082
-7644
-12271
-3693
-592
3188
4480
4365
4330
5457
927
-8261
1456
521
-7802
-7906
-6959
-12411
-12914
-7352
-3495
-290
989
80
1385
855
-5258
49
2324
-1735
-5948
-4783
-2079
-2785
-2367
5073
6560
184
5110
2325
8101
3310
-735
-1575
-2158
362
-323
6124
8671
3221
3614
15022
6135
5486
1030
-1579
2998
7737
3243
4729
10357
13671
13542
10450
9280
4418
10407
4626
1331
-7649
-3798
45
4861
7255
5581
6350
9153
14058
7520
6618
3585
1169
-1992
-8123
-11008
-3960
2830
7316
-641
-2608
-2356
-3476
-2207
-6075
-2393
406
-3049
-9181
-11561
-12365
-4889
-3015
-2097
259
3333
5416
3824
-867
-13125
-9608
-7066
-14258
-12915
-9414
-11765
-7625
194
-2996
-2450
1081
-3601
-7949
-7511
-10538
-10780
-6302
-6255
-6549
-4899
-5579
-7454
-5396
-3318
-2502
-1944
3292
1994
4823
-47
-2573
388
-2177
-297
-2745
2726
6474
5236
4952
10522
3998
3347
1374
-4204
-362
1996
-3143
-4941
3733
8694
5487
6243
5532
472
8531
4984
2098
-2174
1362
3363
7969
16957
14023
13327
15043
18900
12842
6048
4403
4376
6722
5770
498
1465
7182
12669
2600
-2564
-1370
-147
2468
-4882
-6302
-4129
-3068
-2602
-6777
-10115
-2643
3292
6445
5193
5979
7072
5877
4431
-5682
-2174
2826
-1467
-715
1160
-2277
-6335
-6984
-9636
-7411
-4687
-3903
-3370
-8026
-14945
-12386
-6522
-7780
-10576
-9889
-7399
-6630
-5936
-6034
-6225
-11089
-6142
-5067
-1335
-2438
-3879
3899
5858
3238
-4695
2001
4173
-2038
-4909
4229
-3797
-6806
-4026
-6355
-346
-255
-7204
-8497
-2345
-1652
1475
4490
5119
-1089
3795
2622
3040
-778
164
1921
4132
14177
14010
16129
12383
14968
11270
5806
2801
1397
2168
-597
-7358
-6750
2575
4758
-1891
-6149
-5732
-2720
2072
-4226
-3246
1718
1087
416
1527
-482
3412
9937
11165
10779
6739
6696
8055
10965
7253
9618
10530
3630
4754
4570
-1142
-5767
-4363
-4854
-5232
-7076
-8374
-5737
-3062
-8739
-10268
-4197
-2761
-1774
-3638
-4069
-4540
-4364
-2413
-143
-3211
2298
6257
10844
9135
5691
8243
1305
-3905
-9298
-4190
1137
2046
-3347
-664
-5449
-7013
-4907
-9552
-5807
-3152
-6427
-8325
-4835
-4705
-6020
-5437
-2183
-7187
-673
1019
4562
6694
5581
1017
2611
12647
8281
6418
5615
7598
1611
-1022
-577
1353
1134
-4384
-10707
-10906
-7429
-1905
-2845
-7156
-6643
-6644
-1691
-3968
-2230
1112
229
-2330
-975
-1616
5219
9228
7129
8304
5785
5676
5014
7339
1506
1645
2020
-534
-1745
-2275
-4154
-9904
-7549
-5588
-5425
-5080
-2854
-1029
-181
-2295
-659
2719
4277
3710
1870
-1194
-5187
-2953
1718
10154
9916
11096
11169
15669
14113
6977
8412
3536
685
-5367
-5608
-3236
-1407
-894
5049
-1371
-4823
-1048
-1729
1328
851
-3359
-6896
-2248
498
1146
2738
8126
5594
10180
11302
11163
5305
-1842
-4236
-3091
7448
10272
9678
2916
3596
1793
-1474
-2962
-3471
-2662
-4710
-9445
-12365
-10368
-7824
-11832
-15026
-13424
-11556
-4540
-3433
2731
8079
1326
-3666
-1347
-5445
-4330
988
1007
-1340
-2431
905
3882
7049
-1169
-3045
-1024
-7791
-10116
-4988
-5121
-10214
-10451
-9524
-7045
-3817
-2848
-1873
-2383
-4736
-2870
3756
5563
488
-1023
-2549
-5582
-5559
-1868
4205
3151
2152
5113
10087
7071
2923
4276
254
-511
-5136
-5056
1009
4008
2342
8714
8599
3254
5769
4415
6150
5226
-2986
-6237
458
8553
13746
13320
13964
10806
14689
13679
11383
7009
1851
260
-2801
3349
5990
9654
8930
7658
4585
1731
3386
4645
2376
-1413
-7230
-10076
-6177
-1571
-3323
-5375
-1633
219
5410
5198
3568
1737
-4595
-8302
-6695
-5617
-1128
36
-3178
-2526
-2636
-1065
-386
2412
-2193
-2793
-1358
-9527
-14070
-14019
-13415
-16995
-15946
-12797
-8121
-604
4498
1206
-3691
-4876
-5505
-4069
-3440
-4969
-9994
-6164
1861
-3231
-6968
5262
-1648
-9751
-5499
-3656
-7498
-10493
-4522
-7297
-4434
-7841
-8071
-2938
-2041
-8066
2483
9067
2152
3705
-2668
-3773
-2813
-5195
-5572
-128
3134
11298
9324
17222
9467
9879
13772
5556
1621
-5777
4798
1289
13417
24415
15314
8866
19605
11512
519
6169
4673
-3626
-11038
-14083
-12946
295
8514
5646
-1937
-2855
-3142
7405
8105
2422
199
-4724
-12304
-14294
-11172
-332
6384
2651
4788
5083
14541
8781
13206
5472
-2613
-2294
-9249
-2197
-2976
5033
6583
-4133
-4151
5461
-1161
-7314
-8596
-14327
-21861
-18114
-8407
-5900
-7650
-13152
-14981
-16370
-17837
-15006
-898
735
-3281
-7084
-7882
-10366
-11995
-4651
-2824
-6530
-7132
1276
13772
18675
947
9936
7922
-3491
-5157
-6166
1427
-2332
1823
-808
-5664
1278
7047
-4420
-4210
-4989
-6396
-5666
-2389
-3876
-5862
-2130
-5005
2623
6661
5021
3554
14149
14150
8624
4743
1231
-1044
-3949
-6872
-6141
-4110
5701
6481
2460
6621
-484
8408
3160
-1010
-2937
-214
652
-2305
7483
8567
4195
9557
12473
203
4859
9415
5670
-6903
-9291
-4429
-1130
2766
3267
1100
-4330
-6489
-2691
4345
3741
-630
-5548
-10118
-16641
-14930
-3685
4631
-2253
-4329
-4561
1011
2535
690
8967
1368
-523
-4525
4107
8927
6587
18790
11660
399
4234
3855
-2479
-2356
-8149
-10867
-9372
-7686
-4677
-6126
-8065
-9061
-12888
-18103
-16860
-5361
4557
1842
-2341
-8592
-10981
-8383
-3346
-848
-3796
-5176
1595
14977
27285
17805
11567
17503
8364
1681
-3078
3927
1438
-595
2058
-7586
-8719
3249
-2267
-15990
-13269
-12912
-11765
-9388
-7749
-6020
-2804
-6772
-8480
-8134
-6025
-3374
4271
10211
7753
7219
4956
5056
-585
-3087
2709
366
-2595
3296
1925
5106
-1230
-759
2335
-1859
-2950
-6127
447
-4463
876
12057
5271
339
5473
-3553
-8595
-1737
-779
-5046
-7748
-5525
-200
10956
14522
8629
7879
5257
1284
4032
4849
4656
1855
-4688
-7583
-5257
-4361
4991
2105
-2674
875
485
3211
-66
7621
7945
2879
551
-1793
6639
9291
18366
20110
4193
3884
9257
6014
4721
4221
-1662
-5019
326
-16
-1717
-2354
-5983
-10615
-16271
-21529
-16838
-1657
654
-10237
-15857
-17626
-16417
-10544
-7257
-2137
-4643
-4547
2510
9533
10899
4298
11395
6923
560
-1319
2356
8636
1237
4501
6860
-4119
-4893
-2148
-12183
-16559
-15650
-16076
-15786
-9777
-8892
-7162
-5902
-9857
-10659
-5633
-4928
-5065
1146
315
-2053
-4935
-3966
-2171
-1138
529
5006
5848
12112
8840
12954
14136
3500
5757
-613
1043
-346
918
4461
7842
14080
12192
1549
5478
6704
-5085
-5308
-526
-1512
-5623
-3240
-76
6806
12092
13877
11863
9708
2665
4148
8202
10659
11023
7111
1471
-1616
3295
7061
9379
2381
2306
462
2464
-1492
-2770
6209
1075
-6809
-12245
-4365
1947
8314
16206
10648
2192
5438
1631
-8748
-8863
-6055
-9145
-7856
-2712
-2022
111
259
-5420
-11600
-10814
-13940
-10160
-3303
-6551
-15431
-20197
-21489
-18420
-10411
-5785
-5497
-7463
-1457
3753
12564
5842
2966
3162
-6897
-9649
-11302
-2291
-503
3316
8711
3204
1069
8928
-488
-7147
-5007
-7994
-12669
-12421
-6242
-3606
-1925
-2510
551
-2082
-1890
-5274
333
6000
2635
-4511
-5229
-1554
35
2467
6268
6507
6570
13242
13413
19160
7088
6426
6024
4828
8751
7718
12238
10695
19631
21269
9897
6752
11265
20
-6575
-5129
-5728
-8670
-7753
-9871
-6534
3480
6723
7475
5013
4629
2420
4472
3549
-1096
-4846
-4077
-6523
-4716
1502
9028
7288
5380
4965
2811
10040
2417
1701
-739
-5190
-11594
-12210
-3587
-642
11522
13402
1768
1295
3563
-7868
-9797
-6806
-11500
-16531
-13010
-11888
-11912
-8718
-7833
-8249
-10134
-10571
-6068
5527
2846
-3469
-7938
-13545
-16706
-13293
-5473
231
-3133
910
12707
15246
12522
2984
6211
1039
-5056
-11494
-7604
814
2178
10587
10001
1604
3201
7038
-1903
-2976
-5645
-8443
-10401
-3530
2416
6132
6673
4752
6983
4927
114
1322
7886
5243
-1589
-8696
-8153
-5297
-1657
-3612
-2680
-1900
3974
7345
11622
11751
4723
6005
-1666
-3787
-6262
1696
6060
9238
18366
14710
8015
13969
9542
-3438
1634
2088
-8290
-13873
-10390
-10024
-2919
2268
2018
3292
3754
9
744
3067
-1821
-3695
-4450
-9434
-13521
-9673
-3088
-1171
-4786
-14
3226
9032
8047
6774
12235
3485
-378
-2999
883
2081
6241
16823
11696
3750
8484
7905
-4064
-5324
-7580
-13491
-10907
-7911
-12881
-10846
-6879
-6120
-6338
-7168
-7639
-1343
6618
2682
-3065
-10681
-14284
-12271
-4043
5589
7495
6715
14289
21667
21525
10160
8830
7819
-2706
-8476
-13672
-7135
-3396
3923
4940
-4792
-6843
-85
-3243
-9286
-6325
-6310
-11437
-12427
-10883
-9516
-1765
15
728
1939
1199
1010
9234
10913
3399
335
-1464
-6792
-8081
-5105
-4034
-4685
-2841
1127
5993
12438
3543
3526
619
-6224
-5462
-2828
1741
-33
6646
8919
-234
856
7292
1214
-283
4470
2273
-2721
-4272
-2638
4320
9353
6490
3234
5516
6313
3261
6838
10346
3976
-1486
-5928
-11583
-8003
-1808
-510
-4742
-1963
3767
9100
13297
7141
8813
8357
4387
1090
-958
3750
6107
17783
22720
14152
14587
15675
7274
959
-1666
-6421
-9206
-7485
-11215
-14965
-13035
-10855
-8919
-13296
-17522
-12810
-2642
-529
-6518
-10352
-12843
-14977
-12682
-8924
-5756
-2851
5420
13771
17596
13860
8867
13300
4901
-4181
-6248
-3317
-3900
-4536
3593
-589
-9994
-6598
-5498
-10981
-9288
-8070
-11002
-14248
-13970
-11559
-4589
-3132
-6140
-6557
-7065
-9753
-4556
4904
6426
2378
443
813
1369
1539
2706
6678
4108
4244
3976
12324
12179
6170
7540
5027
2131
-1905
1303
1693
6465
13743
4894
-2264
6096
6177
1972
5730
5751
-2845
-4121
106
4217
9345
9334
6952
8493
13538
11865
13342
15515
13685
7411
276
-5386
-6748
-2970
-408
-4702
-9324
-2980
3421
6777
-19
-1012
2788
-137
-2780
-4463
2130
3799
7722
12732
4575
3106
10536
5850
-2329
-2428
-2850
-5045
-4387
-7375
-9038
-6286
-10321
-13596
-13813
-16654
-18160
-10175
-5289
-7503
-10510
-14408
-16606
-15379
-13105
-7836
-3339
-1313
4996
7850
7398
-272
1790
2519
-2305
-4209
-4531
1696
4208
8556
10319
3773
-753
349
-7634
-9591
-4032
-4584
-9184
-5650
-4887
-4714
-1304
-3917
-3093
-2405
-7556
-8916
1955
8129
6914
3660
2701
-812
1126
4955
8859
6881
4637
6399
12240
20805
15169
16129
12475
9756
6772
3354
6345
7193
12941
10368
-2302
-2750
2855
246
-1914
-2993
-7256
-11954
-7385
-3286
4092
10207
6848
3192
2413
-428
1280
8931
9397
5366
783
-2485
-3899
-775
870
2837
-795
-4380
-2879
2783
3181
-4550
-1297
-3693
-5430
-5815
-3803
1554
3692
9314
7866
2731
5074
3375
-7894
-11961
-12087
-13625
-12142
-7214
-8180
-6615
-3724
-3427
-5011
-8051
-7978
-5404
-1018
-4967
-8238
-9231
-11417
-12263
-5870
-2003
-906
-764
3537
10043
11823
4511
-1336
3871
455
-650
-2320
701
2159
5614
13896
10939
1489
925
-876
-6281
62
4391
1743
-1494
1433
1612
2271
1826
240
-623
-4793
-10931
-7529
1732
4839
-449
-6364
-7726
-7668
-2620
1647
4953
4733
4698
5112
9567
4897
4093
8880
4774
3820
1198
5444
9647
14049
15312
7697
3336
3671
-1386
-4759
-3287
-7080
-13958
-14779
-8713
-940
6398
6264
2863
422
-383
-201
3456
4317
-691
-6222
-11235
-13545
-9973
-1590
3312
2042
-2
5028
8803
11512
7888
5621
3954
-3754
-4326
-2360
4167
6498
14613
18451
8490
4968
6160
-377
-7598
-10227
-13379
-12722
-7951
-5266
-5376
-2281
-4372
-4765
-3927
-4451
-5320
-1663
-367
-3686
-2759
-2992
-3398
-2252
2666
6068
4333
5506
11950
12829
8589
-1446
-2360
-2492
-3907
-6223
-10821
-6456
-3899
4881
8467
1200
-340
385
-7964
-11732
-9167
-7207
-7116
-5510
-3377
-1075
2858
3567
3884
-343
-4509
-2740
1331
1445
-1297
-5420
-9196
-11417
-9783
-4364
2387
2940
1802
3070
5522
6363
3242
5917
1388
-3510
-6429
-7205
-1352
3922
13151
12775
5208
6706
9785
5045
2919
4546
-2110
-9585
-9473
-3330
7038
11548
7903
8560
8769
3577
3049
5350
4135
-96
-7544
-13714
-11970
-3879
4042
5894
2432
1792
6506
13272
13771
7346
6371
1353
-1015
2249
8332
14786
17253
24219
20541
10332
9938
7267
-3585
-9217
-12862
-16814
-15044
-9434
-10504
-12429
-11561
-12062
-10066
-9367
-9278
-4312
-633
-5600
-11123
-15214
-14352
-9773
-4980
-82
2743
4567
12114
16608
12921
6543
4100
1998
-6372
-8148
-11032
-10669
-7923
-3943
4371
3079
-2893
-1966
-5333
-13338
-12029
-7049
-8263
-11658
-11657
-10981
-8104
-6081
-4041
-1160
-2155
-3266
2621
9816
9040
3144
1358
-1570
-4979
-4730
658
6540
6123
6070
11015
15552
8814
6440
5171
223
-1007
-5904
-4536
1714
10230
16760
11136
7356
8716
6619
5347
7611
3372
-6360
-8247
-2868
8414
17886
18132
14886
14978
12894
7485
8384
9061
3945
-4112
-12654
-16937
-12385
-2357
1443
-4510
-7458
-2859
4327
9421
5279
5534
3688
-3710
-6317
-7048
1311
8958
15900
18668
11075
8934
11604
4627
-5421
-7699
-7900
-11951
-13808
-13507
-13714
-13324
-14730
-15191
-13644
-11234
-8849
-4112
-4754
-11041
-15670
-14925
-12753
-11734
-9367
-6302
-5523
-907
7400
10740
10008
5213
6071
4382
1159
-2613
-3218
501
136
3904
6121
1892
1257
945
-3976
-4719
-3526
-4623
-9644
-9935
-7725
-7163
-6858
-4928
-1048
711
-387
1865
7201
9054
7444
5185
2056
-3241
-3552
1093
10215
13590
13894
15856
19962
19308
11749
10526
6165
1919
-3542
-7120
-3918
1422
11410
10609
48
-858
908
-627
1157
1393
-3736
-8792
-8080
-3142
3093
7218
8600
9374
9168
5912
6627
11171
10029
1847
-6349
-8999
-10331
-7951
-3022
-3237
-8714
-8007
-2828
3607
5441
2618
2952
-2721
-7254
-9403
-2846
5565
8327
11672
6692
-535
1014
114
-6187
-7083
-6416
-7344
-6651
-4810
-7044
-4976
-4528
-8408
-11308
-10985
-7475
-2035
-11
-2414
-5426
-10303
-10966
-11207
-8694
-3792
-2766
-3406
4260
10299
12442
9962
7530
5885
971
936
-714
1219
1274
3486
9382
9315
7489
9791
5870
632
3030
2287
-3236
-6526
-6125
-6990
-7504
-8656
-7206
-3363
-3586
-7312
-3863
1530
2020
593
-1179
-2811
-4484
-3702
325
1935
1619
7093
12587
15400
11090
9837
10367
6895
1799
-3942
1018
3999
6196
9100
2708
-3169
-2028
-3621
-4462
-650
-3089
-9662
-10817
-7044
-1414
5796
7489
5032
2786
-815
-3773
-452
2630
943
-3464
-7523
-7689
-2904
3966
4539
1636
143
1979
4188
6712
5690
6945
3931
-223
-135
-1098
5425
8296
12145
13497
4780
-390
1105
-3010
-5754
-3740
-3907
-6667
-6839
-5021
-3214
-1587
-5686
-8583
-8310
-3933
2155
7686
6270
1674
-1782
-5023
-6779
-6120
-3140
-1790
-3709
-1900
3678
7394
7985
701
-1917
-4567
-5514
-5525
-5226
-140
1542
5259
4702
-2855
-3241
435
-3328
-3457
-214
-1424
-4208
-3154
-3860
-4700
-1754
-2572
-5205
-6480
-7849
-7555
-2844
-1569
-3283
-3063
-3942
-6592
-6457
-3245
-90
1083
3761
6833
8031
5476
517
1087
-184
-755
-2652
-1204
5504
10688
17380
13666
6403
6370
5032
-960
-1199
681
-3125
-7290
-3447
4612
9020
10207
7255
5336
4212
-243
-2358
1420
2623
-11
-3710
-5360
-4544
173
5758
5984
2845
2101
4756
8689
11148
12436
13894
8614
5813
5221
8295
12054
14058
16814
9965
314
-2037
-5217
-9522
-8216
-9994
-13905
-14810
-12390
-9882
-6838
-5650
-7906
-10368
-11023
-10635
-6285
-971
-2190
-5592
-7620
-7163
-5404
-1288
951
131
2813
7203
5607
4844
1892
-2981
-5580
-9189
-9653
-9027
-4098
-1380
1444
4504
-1516
-4764
-960
-4524
-10438
-8962
-8917
-12669
-12801
-8742
-5516
-2061
149
1484
2660
288
-472
4227
5937
1293
-2027
-1541
-1881
-3294
163
7090
7143
5119
7019
8978
10301
5281
965
463
-85
-174
-514
5499
9432
13624
17384
12106
8251
7466
3166
756
4662
5182
1691
1969
7472
13913
16162
13028
9978
7838
2669
-2688
-2711
-1765
-2935
-5908
-11405
-13642
-9639
-2840
715
-878
-489
3265
5339
5773
1857
1879
2438
724
234
2257
9636
14073
19016
17048
6376
3664
2424
-7651
-12458
-10869
-13280
-17119
-17314
-15600
-11241
-7408
-9064
-11390
-12305
-12773
-9312
-3160
-4254
-10242
-14643
-15923
-15627
-12024
-5411
-238
2317
7411
11497
12970
11344
6072
4594
-153
-5341
-8264
-5049
1617
3626
8697
9899
2227
484
-530
-7133
-6859
-4973
-10091
-13766
-10117
-5489
-1176
2298
2243
1400
2087
2267
4585
7171
4800
1485
2332
4511
4466
5836
10426
14232
11633
10409
12224
12985
9138
1860
-1191
-4049
-4169
-4465
-3603
-77
3715
10100
9572
4079
5101
5198
-283
-1782
-3744
-8497
-7806
-872
6316
11538
12972
11932
11731
8096
1403
1700
3947
-1265
-7665
-11706
-14418
-13893
-9007
-4863
-3156
-2998
-516
2505
4312
1702
358
2489
-1404
-5236
-6803
-1955
3328
7834
13044
9655
4327
4912
1555
-3492
-3829
-4091
-6517
-10020
-12128
-11935
-6978
-4440
-6633
-7283
-4730
-4410
-2243
-1580
-6448
-10226
-12251
-14730
-14272
-7825
-654
3959
7873
11468
11089
12794
10863
7527
3696
-2191
-4874
-3429
5045
10303
14094
16846
11850
6392
5154
-182
-4530
-3724
-7278
-14590
-16216
-11592
-6587
-4461
-5568
-5965
-4765
-3268
-1874
3389
5682
1363
-2510
-5108
-7085
-4546
2173
8031
8800
8363
12166
15330
14484
7046
4523
3335
-2778
-7074
-7286
-2681
-203
4229
6713
2919
2030
3830
96
-3378
-4629
-7511
-8941
-6392
-1758
2210
4440
3177
2938
3614
2084
1083
4602
5646
2516
-2636
-6126
-5556
-3281
-1691
-2002
-1635
1450
5275
8011
10737
7262
5507
2313
-2615
-3796
-1386
2885
5324
11571
13378
8235
6781
5101
-2640
-4023
-1030
-2149
-7258
-10493
-10330
-5478
934
1733
589
719
1793
2606
3211
-183
-5620
-9896
-13412
-16508
-14675
-7682
-868
1075
2170
3252
5062
6718
3306
2388
-482
-5117
-8627
-7287
-2610
2673
10093
9625
3670
3381
3162
-738
-890
-2487
-6992
-10384
-11755
-11144
-7713
-6098
-7792
-8411
-7913
-6053
-1082
3290
1248
-2753
-6084
-7619
-6423
-2992
804
1877
-115
1277
5186
8566
8266
5110
5641
3809
1964
-212
2433
7766
9984
11598
6974
3051
6400
6250
1817
2857
935
-4599
-6015
-2279
3205
7017
5335
2626
3677
3967
3005
5226
7310
3339
-741
-2771
-3049
-2617
-1137
122
1727
5434
10943
14542
16376
15081
11948
8961
3243
-124
-1268
1546
2916
4998
9427
7201
1528
-1678
-7188
-11158
-7712
-5991
-8326
-10620
-11891
-11577
-9189
-9152
-8669
-5777
-3586
-2329
547
1794
-1089
-5102
-9342
-11078
-10054
-8265
-5383
-1779
300
833
714
2415
1236
321
-861
-5442
-9089
-10652
-5725
97
5298
6232
-894
-5322
-5122
-7945
-8035
-3780
-4520
-8097
-7935
-4463
-1553
920
1705
-94
-2720
-4672
-2164
4756
6372
2924
1937
-14
-3042
-2761
525
4261
3939
1788
3448
7219
10054
8125
7793
6787
2167
210
2584
8813
10783
12277
11743
7547
9881
14192
11305
8417
8133
3926
-1021
56
4547
7476
6809
2312
-304
-243
-327
-1189
-959
-2597
-6194
-7937
-8097
-6323
-2876
-1465
-2323
-3669
-2219
3367
8901
10929
8436
7806
5724
3176
2025
2541
6744
9503
10793
7284
803
-2229
-6385
-13108
-13516
-9577
-9009
-11989
-13901
-13806
-12114
-10115
-9199
-8524
-8640
-9583
-8949
-7297
-8621
-10563
-10514
-10322
-9613
-5821
257
4960
6920
8997
8507
7204
4620
1503
2738
350
-3740
-4192
-1054
2437
5187
7983
4900
-1068
-3434
-6320
-8401
-4372
-1495
-4117
-6662
-6299
-3205
1882
4702
2747
-458
-1999
-440
6930
13132
12019
8769
6802
4194
1639
3059
6450
6494
2797
1428
2246
4932
5710
2828
363
-3801
-6221
-4893
1106
6664
10139
11834
6452
1109
2327
3165
2133
2892
1469
-1960
-1109
4822
9484
9943
8032
6291
2933
-1697
-3988
-2966
-3413
-7636
-11439
-11837
-9271
-6255
-4161
-3782
-4981
-4656
710
5232
6372
3028
-98
-1741
-4856
-4827
-1493
4962
9468
13231
16045
11283
5517
3775
-2227
-8272
-8274
-7138
-8075
-9929
-10275
-6925
-3440
-4632
-6383
-7020
-6892
-6428
-6077
-7738
-9840
-9678
-8354
-7541
-5715
-2330
2998
8243
10992
10641
8505
7869
5494
6936
8507
5300
2279
2972
7341
9094
11193
10674
3372
-2348
-5620
-10726
-10482
-5565
-6945
-13043
-14704
-11708
-6164
-1057
105
-573
-2206
-4067
-3087
772
2755
2830
2145
642
-583
1587
6892
9945
6887
5112
7395
7183
4908
1111
-278
-3526
-8272
-9720
-5584
2496
6674
9358
7719
939
-150
3120
1296
-1677
-4027
-8176
-10540
-6543
414
6220
8647
7908
7199
6297
4235
3198
4966
2457
-4124
-9061
-8931
-4943
-1406
-220
1411
2170
3268
6081
7425
6844
3818
1224
-3313
-5117
-2361
3884
10395
13449
15518
13521
8794
6963
2775
-5150
-6902
-4178
-2535
-3046
-3134
-1933
1212
2417
-441
-2456
-3090
-4377
-5744
-7663
-11840
-13957
-12352
-11921
-13502
-11727
-6215
693
5038
6803
7360
7339
4141
-420
-1575
-3412
-4159
-3396
699
5547
9475
13245
9815
2026
-896
-2888
-7217
-7964
-8217
-12303
-16289
-15849
-12359
-6630
-2269
-2064
-3563
-5051
-5667
-2557
1789
1817
-1222
-4913
-7831
-8250
-4224
1487
4405
4789
7172
9772
11851
10339
7033
6144
1755
-3252
-4785
705
7587
11690
12980
9456
6633
7302
5332
567
-1252
-3284
-7570
-8210
-2342
4641
9597
10722
9592
7022
4482
4312
6672
6066
-283
-5820
-6501
-1953
3507
6511
7403
7879
8687
10281
11116
11117
7494
2967
-1774
-7351
-7705
-2687
3996
5705
6857
7999
4728
1984
736
-3805
-7637
-7358
-8376
-12404
-13814
-10400
-5811
-2352
-2272
-2529
-1214
-802
-2803
-3757
-4730
-9184
-13225
-14341
-14745
-14445
-11131
-5398
25
3574
4996
5064
4087
-692
-2936
-2901
-5001
-7389
-7422
-3622
-559
3221
4442
658
-1057
-922
-3068
-2411
-122
-3148
-7322
-8278
-7581
-5618
-2020
402
557
-636
-222
2826
5573
5035
1562
-1723
-3911
-6080
-5721
-828
4200
6139
8243
10832
11460
10904
9086
9170
6155
-228
-3180
541
9495
16073
20077
18355
13225
12894
12226
6722
2774
302
-4715
-8844
-7310
-2033
4007
6686
3877
408
-1755
-2083
72
2383
430
-4728
-8665
-9202
-7771
-5003
-1019
2057
3538
6201
9689
12427
12138
7202
3404
-49
-3595
-4893
-1149
3458
4454
5535
3094
-1191
-1517
-3528
-8579
-9410
-9096
-12219
-14487
-13059
-10966
-9249
-9167
-10621
-10304
-8441
-6732
-4847
-3573
-5099
-6526
-6476
-7367
-7223
-4587
-1043
2025
3953
6340
8102
8372
6506
4367
2970
-970
-5047
-6285
-2579
849
2218
4590
3119
591
1376
379
-2269
-1258
-478
-3280
-6002
-6739
-5181
-857
4017
6601
7048
6449
7250
10418
11017
7463
3245
-486
-4241
-6601
-5250
-1433
1813
3381
3755
3497
4157
3690
3660
3607
29
-3283
-3549
879
4801
8260
11719
9507
7683
9491
8037
4890
3923
341
-4445
-3380
318
2080
3645
3310
180
-3316
-5569
-5086
-1368
-386
-4757
-9198
-10814
-9972
-7038
-3652
-2040
-2397
-2116
208
2655
4819
4238
3349
2081
-354
239
4108
8980
11470
13148
11555
4355
-185
-418
-3324
-5861
-3924
-3656
-8141
-10873
-10334
-8403
-6202
-7309
-9584
-9022
-6822
-4539
-1946
-2038
-5143
-6851
-6147
-5089
-3532
-1114
2561
5849
9163
12925
15209
14488
10863
9516
6467
825
-2432
-1830
978
1419
1784
722
-2365
-2924
-4446
-8630
-9041
-6527
-7136
-9599
-9185
-6979
-4450
-2219
-2591
-3161
-1522
814
4040
7375
7645
5716
3442
-73
-3116
-1440
1634
1630
643
1485
1879
1577
875
-411
1048
-235
-4257
-5767
-2961
1775
5797
9991
8360
2771
1802
1316
-2574
-3960
-3182
-4166
-3817
659
5902
9984
10866
8897
6042
2083
-1531
-1407
1359
270
-4058
-5633
-3608
-2390
-1774
-1028
-580
236
1811
2595
4060
5205
4726
4921
2896
791
1891
7515
12859
14658
14212
9021
3230
3306
3768
1683
2186
2876
-251
-4779
-6398
-5578
-4105
-5097
-8635
-11022
-11069
-9379
-6867
-7231
-11104
-13440
-12614
-10784
-8809
-4855
225
3374
3471
3082
4112
6557
6249
4820
4392
1390
-847
-219
2548
4202
6005
6439
384
-5021
-5642
-8188
-11300
-10514
-10169
-11615
-11751
-10041
-7482
-4568
-3783
-3869
-2831
-2491
-2441
-775
3
-1872
-3712
-4248
-4087
-2278
2007
6028
7850
8088
8898
9469
8382
4440
2306
2553
231
-1967
-50
6417
10182
11953
11637
6501
4188
4653
395
-3885
-3140
-2290
-2099
948
5002
7989
11145
11961
9604
5170
993
82
3733
6405
4336
1661
1641
3159
3367
2971
3060
2880
2624
2383
1696
1661
1086
1210
-1215
-5677
-6025
-1411
5572
9356
11728
10665
3815
-1308
-3812
-7358
-6933
-3197
-3491
-7096
-8124
-5749
-2516
-1591
-4281
-5735
-6127
-8417
-9856
-9090
-10940
-14632
-15972
-15130
-12715
-8722
-3757
697
2019
1224
2350
4897
4489
410
-1899
-4815
-8584
-8900
-4683
1489
5235
8090
7373
3365
1471
496
-2195
-3832
-5263
-8699
-10266
-8120
-5166
-1336
2597
2389
612
-514
-1089
630
2525
403
-2955
-3856
-3148
-1326
2346
5773
7069
8230
10342
11524
10500
7526
4815
6086
6552
5235
5647
9682
14785
16695
16819
12828
7652
6214
2941
-3983
-7068
-6119
-5634
-5450
-3573
-522
3464
6532
6081
3964
1311
-1402
-1876
-1772
-4435
-6240
-4841
-2301
-669
755
3050
5131
5440
5138
5961
6572
3483
-488
-2021
-5473
-8124
-6542
-934
4905
8526
9712
4993
-1537
-4613
-6834
-8098
-6538
-7196
-12028
-15802
-15294
-12023
-7756
-5441
-5200
-4424
-3648
-3257
-2586
-2870
-5310
-8246
-10541
-11374
-8816
-3100
2657
6185
7511
7685
7752
7048
3517
1023
-597
-5713
-8973
-6609
54
5757
9176
9698
5015
1976
2898
1640
-1625
-3195
-5116
-6588
-4312
-33
3901
7436
8668
6977
4683
3024
2729
3495
1942
-2895
-6763
-7275
-5738
-4121
-2401
-573
1329
3904
6310
7727
7609
4451
1988
-232
-3911
-3713
1105
7785
11947
14577
14985
11508
9203
7451
2834
-1599
-4202
-6729
-7654
-6026
-3724
-1133
1907
3341
2633
378
-2449
-3866
-3588
-4388
-6335
-7339
-7365
-7419
-7506
-6336
-3751
-784
2342
5269
7534
8460
7007
5574
3204
439
-148
1610
5221
8675
12081
10898
4888
2054
487
-3458
-5045
-4929
-7644
-12018
-14354
-13317
-9291
-5086
-3293
-2382
-2209
-3460
-3122
-1085
-1748
-5240
-8270
-9237
-6955
-759
6803
12103
13296
13101
13133
12126
9049
4866
2127
-2929
-9125
-10951
-6606
215
3207
3265
203
-3682
-3128
-2036
-3516
-4071
-5267
-9154
-12157
-11277
-6759
-618
3426
3722
3211
3507
4419
5611
5412
2983
-590
-4657
-7358
-6983
-4839
-3170
-2118
-723
1993
4812
5830
3980
1027
-814
-3663
-4790
-2806
1064
4463
6120
7140
5101
3364
5193
4676
909
-260
326
-280
191
2911
4986
5964
5744
4679
3755
1891
264
1677
2281
-1175
-4678
-5789
-5186
-4973
-5445
-4601
-1687
1954
5765
8753
9910
7855
5958
5890
3893
1778
1928
5413
10228
15278
18129
14280
8810
6904
3976
152
-794
-2873
-8360
-13248
-14994
-13864
-10244
-7172
-6980
-8430
-9994
-10170
-7668
-5983
-7088
-8586
-10028
-10934
-9708
-5328
1334
6304
7721
8665
9870
10022
8012
5710
2084
-3197
-5905
-5954
-3065
170
1655
168
-4777
-7236
-5419
-4864
-5883
-6471
-9041
-12857
-13308
-9445
-4596
-1540
-1900
-3700
-4552
-4059
-1704
2043
3566
1808
-232
-866
-447
1076
3603
4839
4210
3643
5256
7799
8202
5962
5389
3910
-22
-1313
790
5181
8033
8643
6802
4040
5070
7038
4620
1454
428
169
1294
4050
5997
6764
7664
8007
8533
8601
7400
6899
7798
5977
1456
-1385
-2009
-2916
-4799
-6023
-5457
-3016
709
3284
3331
1866
-80
327
139
-996
-36
2584
5610
7244
8448
7287
3588
1963
1194
-1101
-1130
-205
-3440
-9056
-11227
-9912
-8647
-8401
-8733
-9323
-10951
-12845
-12445
-9869
-8777
-9803
-11269
-12294
-12077
-8643
-1890
3434
3747
2354
2225
2120
853
-307
53
-1831
-4315
-3607
845
5820
7934
8521
4931
-1000
-3133
-2838
-3117
-3057
-3940
-6007
-7312
-6531
-3911
-988
496
-314
-2268
-3715
-2724
1031
4743
4824
2265
-367
-794
1509
4727
6312
5893
5360
7009
10940
14031
13644
11692
10496
7160
3854
3718
6649
9232
9220
7252
2845
802
3025
1907
-3593
-6364
-6138
-4737
-1941
1557
4447
6170
5548
2769
-28
-1320
-520
1746
2535
380
-1188
-459
41
-1643
-2568
-1262
-597
-814
369
1605
926
-1750
-3347
-2846
-2951
-2455
-591
2612
4889
6510
7497
3901
-1128
-3824
-6831
-9077
-8374
-8625
-10949
-11871
-10013
-6774
-3289
-1673
-2050
-2778
-4727
-7200
-7782
-7179
-7002
-7487
-8181
-7155
-4131
263
4583
5565
4446
4531
4107
2091
162
516
708
-1390
-2375
-776
3831
8240
10554
8901
2692
-1138
-155
1395
2528
3204
1308
-1232
-1539
-124
1971
3587
2567
-433
-3597
-5511
-4238
-189
1142
-2433
-6364
-7431
-5273
-1543
1900
4124
4434
3778
3968
4520
4937
4997
5456
4287
1962
2511
6254
10662
11791
11352
9405
4895
2309
1107
-3128
-7351
-8528
-8317
-6388
-2397
1255
3519
4277
2301
-444
-1712
-2249
-2544
-2960
-5363
-8331
-8737
-6965
-5258
-3850
-1485
1522
4125
6304
7860
8491
6850
3028
509
-846
-590
1534
4705
8931
11792
12366
8773
2237
-1270
-2900
-6139
-7948
-8024
-9361
-10459
-9023
-6345
-4019
-2094
-729
-185
-1753
-5043
-6455
-5000
-2928
-1626
-1338
-1299
239
3990
8135
9739
8220
6587
5292
2563
-1174
-3174
-2598
-4294
-7774
-8563
-4859
850
4724
6122
3339
-1179
-2754
-3671
-5880
-6083
-5187
-5875
-6187
-4022
-125
3960
5555
3448
791
-442
-1396
-1452
-740
-2540
-6553
-9467
-9403
-6478
-2130
1293
2563
2198
1989
2708
4009
3992
2367
-12
-3702
-5483
-3461
1750
6933
9947
10899
8928
7597
8198
5606
1099
-888
-2090
-3343
-2095
1781
5415
7571
8034
6573
3811
996
-991
-1302
-1916
-5023
-7787
-7410
-5354
-3349
-752
2219
4002
5335
7962
10240
9774
5986
2786
2141
3062
5975
9618
13474
16375
17752
15751
9035
3115
362
-3400
-7561
-9751
-11852
-13662
-13675
-12931
-11729
-9370
-6831
-5127
-4832
-6067
-7521
-7780
-8140
-9637
-10327
-8958
-6253
-2220
3328
8119
9619
9081
8177
6587
4563
1233
-1966
-4821
-8236
-10164
-8868
-4427
-85
3091
2961
-1334
-4165
-4608
-6246
-7032
-6369
-8009
-11007
-11545
-9220
-5525
-1963
-236
134
318
780
2515
5212
5154
2097
-1165
-3366
-3841
-1921
1867
5011
5814
6418
8111
8683
7498
4833
2654
199
-2760
-3535
-396
5393
9958
12594
12007
8862
7888
7734
4702
1657
12
-1221
-481
3699
9043
12976
14357
12983
10408
7134
3797
1976
902
-2348
-6814
-9309
-9225
-7712
-5763
-4243
-3136
-1830
897
4302
6065
5216
2596
564
-1473
-2613
-862
3951
9328
12520
13499
10470
5546
3291
935
-3008
-4815
-6905
-11805
-15284
-15175
-13951
-12420
-10539
-8860
-7401
-7475
-9070
-9765
-9566
-10323
-10905
-10416
-9763
-8519
-5148
-800
1476
1872
3304
5122
5440
4308
3199
2544
-180
-2655
-2445
-28
2404
4012
5359
3385
-14
60
590
-1452
-3151
-5128
-8187
-9377
-8088
-5970
-3019
-249
1256
2172
2554
2545
3972
6007
5267
2129
-1094
-2369
-779
3635
8822
11825
12330
12983
13927
13216
10282
6993
3992
-167
-3350
-3551
-60
4775
7961
7644
3803
1392
2089
1067
-1549
-1974
-1801
-2449
-2109
-287
2523
6032
7668
6703
4904
3255
2623
3032
1540
-2199
-4385
-5242
-6925
-7950
-6793
-5121
-4275
-3169
-429
2658
3701
1752
-489
-2127
-3671
-2669
882
4891
6898
7138
4920
-371
-3540
-3137
-3478
-4275
-4332
-5918
-8261
-8927
-7703
-5895
-4711
-4947
-5442
-5345
-5865
-6582
-5493
-4158
-5133
-6920
-7939
-7485
-4447
-115
2084
1956
2789
5337
7066
6787
4653
2904
1591
-92
-684
333
2851
5327
8235
9470
7294
6101
6558
5115
2571
192
-3219
-6366
-7268
-6700
-5625
-4057
-2550
-1626
-2295
-3885
-3558
-739
724
-781
-2642
-3363
-3179
-2050
-80
2129
4149
6328
8638
9946
9729
8343
6991
4035
544
110
2268
4551
5730
6273
4081
218
-1011
-1458
-3433
-4141
-3529
-3703
-3936
-2708
186
3735
5148
3024
-324
-3222
-5099
-4824
-3260
-3116
-3781
-3421
-2655
-2085
-1047
961
2708
2869
2821
3843
5299
5228
3470
2743
2577
2303
3062
5282
7721
9103
8385
3221
-2405
-3101
-2013
-2204
-2316
-3873
-7241
-8537
-6793
-4643
-3500
-3222
-3138
-2085
-921
-635
28
1234
1038
-927
-3095
-4060
-2982
-134
1832
854
-604
739
2841
2325
-610
-3109
-3761
-4529
-4860
-3166
272
2826
3564
2894
-145
-1778
247
1249
-127
-888
-1717
-3531
-4756
-4357
-2409
-567
-1015
-2611
-3583
-4844
-5917
-4733
-2848
-2892
-4112
-5024
-5063
-4287
-2571
190
2587
3384
3624
3661
3023
1338
65
-243
-831
-317
2373
6862
10740
12503
12057
8956
5831
3591
55
-2275
-1273
-175
255
2016
4317
6132
7002
5628
2997
148
-3136
-4958
-3789
-2141
-1797
-1547
-1574
-2200
-1421
1463
4183
4593
4064
5121
7700
9941
9956
9185
8637
7972
7852
8613
10374
11398
10559
6085
-1509
-5889
-5548
-5324
-6748
-9081
-12374
-14310
-12919
-9915
-6947
-4697
-4399
-5572
-7416
-9213
-8720
-5725
-3547
-3721
-4373
-3934
-2026
1027
3904
5036
3853
2055
1359
892
-934
-4058
-6106
-7252
-7700
-6212
-3147
107
1616
1779
276
-2144
-2439
-2416
-4936
-7475
-8752
-10100
-10217
-7686
-3865
-195
2450
3447
3246
2407
1369
1085
1301
78
-1750
-2352
-2012
-802
1778
4499
5819
5428
4940
5494
5584
3637
908
162
350
982
3029
6229
9497
12048
13817
12537
8654
5826
3413
1289
2492
5336
6511
7064
8730
10463
11171
10077
7003
3097
-1338
-5540
-7161
-6076
-5191
-5862
-7275
-8470
-8092
-5187
-1242
1539
2580
3094
3582
3298
1912
1213
2423
3366
4027
5777
9056
12311
13173
10766
5047
-599
-3392
-5379
-7683
-9684
-12722
-16163
-16858
-14176
-10417
-7347
-5971
-6503
-8086
-9717
-10101
-8808
-7711
-8725
-10668
-11529
-10244
-6196
-360
4038
5275
5375
6488
7246
6450
4193
1251
-1683
-4609
-5048
-2255
1767
4825
6800
6690
3105
-42
-527
-1654
-4279
-6656
-8886
-9994
-8122
-3957
240
2963
3622
3684
4107
3727
2636
2447
2416
1738
1989
3361
4813
6415
8767
10585
10203
8726
8090
7468
5248
1172
-2063
-2842
-2603
-2065
-952
1664
4883
7865
9005
7105
5028
3129
-679
-3820
-3642
-1795
249
2787
5674
8336
10025
9499
6828
2935
-745
-2977
-4161
-5506
-6956
-8162
-9703
-10870
-9718
-5853
-1662
401
1006
1655
1870
1360
562
386
-83
-1323
-1541
165
3542
6741
8409
6610
2152
61
506
-412
-2368
-4483
-8089
-11659
-12404
-10076
-6309
-3331
-2335
-2344
-3554
-5851
-7028
-6443
-6165
-7493
-9501
-10205
-7657
-1949
3955
6817
6677
6246
7033
7898
7129
4130
869
-1739
-2412
472
5434
9726
11828
12417
10052
5638
3465
2269
-1069
-4994
-8549
-11769
-12214
-9068
-5485
-3571
-2828
-2341
-1287
-528
-423
383
1112
-482
-3415
-4961
-3942
-1106
2432
5830
7873
8448
9143
9748
8710
6129
3004
180
-2454
-3725
-3151
-1296
1211
3615
5850
5868
3865
2140
-631
-4329
-5107
-3121
-1757
-1405
-621
783
2139
2452
1701
762
-565
-1836
-1592
-339
-200
-1076
-2145
-3808
-5190
-4394
-1266
1955
3588
4826
6527
7070
5344
3117
1992
1153
720
989
2673
5681
8421
8984
5799
2054
896
483
-502
-1731
-4738
-8949
-10804
-8722
-4010
907
3599
3727
2527
203
-2270
-3003
-2934
-4566
-7696
-10475
-10869
-7360
-1529
1978
1373
-124
368
2090
2989
1971
108
-1982
-4619
-5802
-4212
-166
4114
6914
7227
4720
3202
3881
2622
-1046
-3997
-6502
-9273
-10131
-8266
-5885
-4684
-4650
-4543
-3684
-2882
-2115
-1013
-1307
-3766
-5719
-5266
-3600
-2051
-404
946
1112
1299
3025
5197
5916
4666
3437
3106
2712
2913
4505
6808
8007
8407
8290
6876
5495
4094
1765
343
741
922
289
663
2236
3321
3166
2304
1709
1233
258
-505
-371
73
382
233
-1321
-3454
-3496
-246
4554
8142
10146
11599
12351
11356
8596
6357
4880
3186
1781
1346
2413
4284
5665
3492
-1887
-5072
-5230
-5344
-5844
-6930
-9338
-11658
-12072
-10698
-8261
-5297
-3030
-2248
-3034
-4380
-4145
-2200
-1654
-3869
-6329
-6974
-5835
-3188
-405
155
-1350
-2284
-1618
-330
98
-1118
-2877
-5110
-6979
-6343
-2831
1184
3066
2735
-94
-3367
-3675
-2906
-3648
-4492
-5095
-6090
-5777
-3354
-513
1594
2192
1070
-370
-1045
-546
1050
2287
1841
330
-881
-1242
-928
513
2567
2979
1927
2380
4796
6964
7028
5413
3970
3170
3646
5429
7545
8912
9661
10824
11267
10919
10527
8647
6194
5746
5862
4687
3612
3734
3922
2985
895
-998
-1816
-3157
-5570
-6856
-6226
-5022
-4169
-4205
-4939
-5180
-3888
-1694
-133
1244
3807
6502
7575
6752
5888
6178
5894
4678
4214
5513
6600
5965
3547
-1291
-5760
-7224
-7800
-8587
-8913
-10207
-12577
-13764
-12955
-10629
-7242
-4787
-4892
-7030
-9877
-11491
-10399
-8122
-7081
-7074
-6612
-4481
-275
4254
6335
5818
4525
3546
2789
2234
1451
411
-813
-1867
-1481
279
2692
4245
4657
3436
-154
-2758
-2641
-2600
-3076
-3097
-3929
-5199
-4269
-926
2435
3920
3136
1746
1425
2552
4985
7521
8001
6430
4762
3630
2889
3031
4067
4167
2196
286
828
2931
3544
1149
-1557
-2541
-2014
-75
2821
5962
7851
8410
7271
4352
2608
2349
1509
1407
2934
4028
4408
5251
6039
6156
5422
2979
-471
-3581
-6349
-8341
-8685
-8077
-7266
-6539
-6641
-7076
-6287
-4135
-1956
-239
1541
2966
2974
1416
-641
-1135
-341
688
2240
4708
7764
9937
10125
6990
2331
-132
-1547
-4251
-6529
-7585
-9031
-10251
-9237
-6488
-3776
-2195
-2570
-4345
-6712
-9194
-10116
-8610
-6737
-5834
-5109
-3699
-1095
2764
6336
7645
6711
5183
4352
4505
5129
5451
5395
4458
3765
4626
6360
7669
7810
6609
2839
-1842
-4145
-5027
-6009
-6675
-8176
-10571
-10928
-7900
-3645
-352
1195
953
-282
-1840
-2705
-1539
667
1435
967
887
1593
3045
5153
6463
5814
4437
3662
3278
2642
705
-2198
-4124
-4781
-3826
-1037
2570
5279
6521
6459
4365
2183
1396
-297
-2726
-3244
-2766
-2790
-1880
829
3805
5528
5518
4429
2950
736
-1423
-2218
-2443
-3346
-4261
-4565
-4558
-3729
-1011
2376
3999
4152
4368
4637
4131
2132
85
-115
871
2592
5103
8054
9980
10339
9060
5643
2413
667
-1503
-3698
-4042
-3826
-4263
-4051
-2251
325
2162
1979
-84
-3189
-6911
-9942
-10694
-9868
-9081
-8784
-8831
-7935
-4844
-556
2425
3184
3038
2955
2546
1290
-901
-2380
-2349
-1775
-347
2217
5363
7794
8707
6860
2738
164
-1073
-3976
-7114
-8951
-11071
-12834
-11845
-8300
-4202
-1292
-543
-1317
-2721
-3900
-3277
-1265
-811
-2645
-4530
-5237
-4742
-2555
1010
3746
4562
5081
6607
8081
7638
5304
3158
1492
8
232
2919
6547
9018
10599
10523
7903
5117
2656
-113
-1173
-750
-1353
-1907
-47
3460
6364
7253
5911
3821
2114
597
-468
-910
-1409
-1828
-1369
-260
1183
3472
6530
8702
8893
8281
7870
6973
4550
1087
-1215
-1836
-1123
543
2227
3476
4089
4084
2298
-420
-1337
-1918
-4470
-7445
-9813
-11687
-11640
-9075
-5376
-1852
478
877
-451
-3310
-6377
-7256
-6693
-7469
-9227
-10173
-9849
-7965
-4721
-1569
295
901
998
935
286
-1353
-2910
-3299
-3847
-4612
-4221
-2450
-248
1621
2759
1940
568
709
584
-897
-2322
-3750
-5576
-6439
-5476
-3233
-386
1710
2115
1783
1406
1115
1411
1375
-121
-1858
-2961
-3729
-3148
-148
3624
5776
6382
6890
7792
8430
7609
5673
3778
2082
1876
4506
9183
13328
15705
16330
14330
10907
7812
4518
1800
819
-421
-2721
-3394
-1120
1802
2627
964
-1384
-2871
-3825
-4378
-3727
-2742
-3105
-4668
-6439
-7052
-5043
-791
3281
5423
6421
7649
8587
7713
5033
2961
2008
567
-489
-6
1303
1942
1645
322
-2017
-3233
-3263
-4851
-7861
-10293
-11933
-12703
-12098
-10432
-8344
-6527
-5968
-6526
-7381
-8169
-7903
-5945
-3985
-3528
-3894
-3696
-2203
21
1702
2324
2582
3063
3681
4257
4184
2586
572
-1135
-2565
-2596
-1331
122
1346
2772
3380
2589
2304
2053
220
-1390
-1856
-2993
-4613
-4623
-2456
1219
5108
7377
7711
7047
6257
5894
5584
4111
1606
-775
-2923
-4470
-3822
-855
1726
1908
1071
1324
2569
3129
2323
1647
1185
359
250
1654
4254
7315
10127
10670
8669
6792
5492
3990
3227
2848
1604
173
-219
418
1004
164
-2232
-4688
-6347
-7083
-6440
-4943
-4365
-5391
-7118
-8038
-7018
-4329
-1561
-231
-175
129
1369
2740
3127
2860
3340
4071
4560
5353
6772
8059
7748
5551
1863
-909
-973
-1079
-2966
-4736
-6313
-8524
-10022
-9514
-7376
-5130
-4515
-5543
-6632
-7155
-6883
-5246
-3386
-3005
-3224
-2579
-1061
755
2435
3767
5060
6657
8349
9556
9745
8468
6154
3868
1666
169
-159
26
-15
24
455
-136
-1663
-2969
-4736
-6459
-6649
-6508
-6913
-6543
-4990
-3149
-1567
-499
325
1149
1638
2147
3300
4209
3709
2175
412
-805
-853
32
832
659
-256
-722
-275
234
-8
-326
-318
-841
-1324
-545
1925
5076
7463
7658
4847
1348
-797
-2131
-2035
-88
1336
1448
2265
4445
6326
6641
5166
2346
-1007
-3987
-5005
-3519
-1653
-1199
-1766
-2852
-3665
-3017
-918
1183
1839
1347
1369
2522
3787
4298
4802
5260
4989
5310
7061
9083
9405
7797
5077
2614
2729
4204
3569
1351
-504
-2700
-5214
-6290
-5473
-4067
-3793
-5570
-8159
-9819
-10347
-10063
-9239
-8757
-8645
-7780
-5798
-2979
-82
1691
1839
976
490
1522
3350
4126
3300
2378
1948
1678
1772
2189
2948
3361
2702
612
-2116
-3892
-5508
-7943
-9390
-9150
-8834
-8574
-7368
-5484
-3621
-1935
-771
-576
-1500
-2820
-3281
-2880
-2741
-2771
-2280
-1559
-450
1863
4765
6300
6074
5604
5524
4928
3285
1804
1852
2232
2320
3427
5595
7748
9161
9601
8037
4644
1455
-846
-1749
-147
2320
3179
3116
3958
5832
7485
7424
5098
1670
-1355
-2528
-765
2527
4411
4090
2751
1380
847
1788
3334
3678
2332
659
43
544
1035
776
226
-489
-528
1122
3860
6046
6417
4712
1108
-2171
-3088
-3255
-4151
-4880
-5575
-6703
-6888
-5200
-2825
-1394
-1641
-3600
-6704
-9810
-11425
-11125
-10443
-10647
-10715
-9227
-6268
-3021
-664
228
-161
-663
-42
1131
1117
-753
-3075
-4408
-4857
-4024
-1749
1104
3508
5130
5734
4536
2782
1577
-689
-3920
-5996
-6687
-6551
-5325
-2978
-65
2311
3062
2262
766
-625
-1370
-1603
-1966
-2310
-1786
-604
609
2121
4171
6092
7078
7193
7002
6525
5539
4644
5278
6977
7853
8339
9689
11598
12881
13201
11933
8162
3506
-350
-3157
-3518
-1542
-610
-1739
-2275
-750
1669
3181
2830
974
-1751
-4687
-6290
-5492
-3432
-2011
-1778
-2087
-1743
236
3323
5394
5190
4070
3493
2876
1535
-12
-904
-1627
-2554
-2312
-139
2793
4344
3743
1119
-2375
-3984
-3893
-4980
-7306
-9531
-11790
-13417
-12761
-9660
-5686
-2885
-2390
-3434
-4753
-5702
-5537
-4422
-4218
-5485
-6376
-5194
-2175
970
3097
4193
4227
3684
3400
3047
1820
-253
-2256
-3723
-3951
-2163
962
4019
5830
6316
5615
4385
3624
2041
-1207
-3765
-4141
-3140
-1254
1369
4141
6553
7794
7128
5169
2922
896
-671
-2120
-3746
-4553
-4047
-3508
-3354
-2390
-349
1601
2709
3561
4484
4443
2769
702
-26
419
1606
3756
6624
9528
11903
13130
11548
7500
3874
1323
-727
-1446
-1499
-2549
-3817
-3601
-1994
-141
728
-134
-2359
-5205
-7421
-7291
-5107
-3562
-4198
-6085
-7507
-7140
-4667
-1245
1378
2682
3628
4835
5797
5798
5298
5006
4089
2678
2303
3702
5685
6423
5415
3168
1297
439
-1318
-4443
-6977
-8883
-11110
-12287
-10627
-6694
-2714
-813
-1488
-3481
-5092
-5031
-3474
-2491
-3379
-4492
-3524
-69
4237
7521
9139
9329
8603
7723
6901
5458
2817
-353
-3194
-5307
-5469
-3411
-848
453
630
465
-109
-451
-585
-2004
-4369
-6134
-7428
-8169
-6960
-3646
256
3312
4734
4755
4154
3141
1911
1065
231
-1396
-3205
-4371
-4850
-4500
-3222
-1673
-444
732
2079
2790
1953
35
-1006
-563
28
466
1350
2878
4592
6109
6499
5009
3204
2247
1760
2354
3733
3836
2751
2215
2441
2686
2731
2286
957
-1080
-2798
-2984
-1732
-834
-1699
-3586
-5161
-5766
-4819
-2171
967
3219
4604
5656
6220
6241
6251
6620
6274
4692
3707
4920
7864
10397
11050
9561
7154
5655
4047
700
-2948
-5790
-8898
-11945
-12866
-10771
-7111
-4759
-5501
-8080
-10165
-10414
-8683
-6279
-5123
-5495
-5895
-5173
-3383
-913
1800
3834
4610
4920
5654
6237
5383
2996
628
-1123
-2569
-3200
-2571
-1447
-1013
-1267
-2111
-2927
-2819
-3172
-5084
-7036
-8263
-9046
-8485
-6218
-3550
-1615
-853
-1301
-2156
-2530
-2097
-926
308
816
912
1002
961
1271
2239
3007
2850
2563
3385
4819
5327
4692
3962
3698
3150
2366
2529
3926
5519
6551
7034
6295
4795
3989
3474
3020
3693
4717
4592
3868
3589
3857
4589
5480
5729
4819
3074
1925
2451
3415
2758
432
-2237
-4330
-5255
-4562
-2574
-483
622
748
600
667
1105
2043
3038
3044
2399
2265
2908
3533
3728
3563
2681
1942
1789
640
-1523
-3358
-5495
-8150
-9503
-8839
-7214
-5902
-6220
-8476
-11256
-12864
-12210
-9637
-7327
-6839
-7197
-6837
-5293
-2896
-452
930
666
-420
-909
-584
-285
-513
-763
-714
-609
115
1728
3552
4742
4944
3831
1452
-345
-879
-1893
-3407
-3973
-4062
-4325
-3930
-2534
-682
799
786
-639
-1895
-1911
-672
1124
2156
1918
1455
1601
2315
3299
4074
4299
4461
5736
8210
10166
10311
9358
8697
8016
6634
5550
5573
6157
6307
5825
4578
2576
880
-509
-1949
-2094
-702
291
451
1002
1938
2332
1733
142
-1726
-3052
-3449
-2378
-99
1569
1424
48
-1611
-2509
-1847
-422
244
-90
-624
-944
-1200
-1354
-913
373
1272
980
592
976
1849
2535
2581
1207
-1199
-2997
-4667
-7116
-8838
-9197
-9514
-9632
-8121
-4948
-1731
-377
-1505
-4105
-6887
-8621
-8185
-6120
-4549
-4087
-3236
-1352
582
1891
2562
2477
1704
833
326
155
91
196
696
954
826
1402
3240
5383
6405
5879
3992
2188
2124
2617
2134
1501
1224
741
342
722
1780
2752
2475
383
-2390
-4139
-4120
-2974
-2332
-2973
-3797
-3655
-2597
-924
1066
2490
2572
1880
1751
2563
3558
4088
4509
5177
5494
5680
6480
7652
8616
9094
8263
5134
1304
-1135
-2736
-3768
-3415
-2487
-1991
-1370
-313
495
479
-487
-2002
-3625
-5311
-6360
-5870
-4759
-4709
-5493
-5780
-4955
-2959
-58
2805
4499
4889
4893
4849
4233
3114
2631
3134
3426
3407
4168
5694
6546
5977
4180
1569
-507
-2092
-4802
-7660
-8621
-8443
-8279
-7404
-5258
-2463
-173
280
-1478
-4380
-6718
-6814
-4329
-1162
743
1765
3124
4758
5837
6157
5779
4497
2598
797
-700
-1892
-2549
-2632
-2984
-4029
-4388
-2913
-210
2177
3473
3230
1290
-881
-2552
-4231
-5038
-4345
-3440
-2821
-1495
870
3359
4574
3771
1748
-482
-2500
-3612
-3712
-4033
-5083
-5879
-5607
-4126
-1869
154
981
625
319
1075
2147
2181
1214
386
-189
-708
-154
2083
5235
7996
9557
9179
7046
4992
3744
2707
2045
1592
740
343
1253
2711
3862
4206
3049
545
-2365
-4435
-4524
-3368
-3216
-4433
-5259
-4600
-2599
167
2773
4419
5222
5826
6260
5939
4972
4532
5579
7169
8133
8876
9985
10922
10618
8912
6073
2936
288
-3009
-7294
-10277
-11082
-11353
-11716
-11117
-9006
-6197
-4338
-4488
-6009
-7697
-8645
-8290
-7184
-6306
-5242
-3119
-380
1995
3851
5326
5856
5010
3656
2707
1610
-356
-2429
-3714
-4851
-5940
-5823
-3994
-1307
912
1788
727
-1436
-3158
-4511
-5727
-6264
-6625
-7412
-7699
-6469
-3863
-835
1231
1612
1073
625
725
1357
1855
1411
89
-1338
-1885
-810
1389
3257
4104
4508
5027
5298
4678
3397
2474
1955
934
214
1417
4529
8055
10456
10672
8552
6167
5225
4703
3850
3249
2856
2902
4284
6574
8419
9143
8418
6076
2724
-432
-2089
-2130
-2421
-4394
-6761
-7530
-6519
-4788
-3057
-1546
-326
800
2059
3160
3535
3103
2532
2049
1485
1746
3451
5688
7100
7349
6643
5022
3068
713
-2667
-6172
-8737
-10806
-12473
-12830
-11553
-9351
-7392
-6718
-7441
-8823
-9959
-10029
-8940
-7560
-6481
-5391
-4160
-3170
-2445
-1568
-572
166
818
1726
2529
2702
2328
1919
1410
468
-385
-445
497
2094
3637
3959
2821
1646
521
-1489
-3521
-4580
-5231
-5820
-5713
-4283
-1593
1245
2786
2771
1932
1145
1381
2559
3145
2213
619
-155
955
3823
6965
8839
9350
9522
9630
8961
7351
5559
4092
2257
-7
-974
547
3569
5853
6096
4272
1804
774
1049
1362
1641
1534
395
-829
-712
844
2839
3975
3448
1703
-139
-1044
-653
15
-607
-2734
-5149
-6534
-6362
-5115
-3730
-2814
-2158
-1044
527
1646
1788
1377
1045
744
627
1123
1917
2257
1796
855
-377
-1326
-1638
-2569
-4457
-5715
-6130
-6784
-7200
-6306
-4605
-3475
-3691
-4911
-6229
-7101
-6959
-5427
-3623
-2957
-3032
-2661
-1751
-1004
-636
-274
274
1082
2320
3551
3857
3160
2562
2634
2382
1401
750
1453
3569
6342
8433
8507
7209
5871
3960
1339
-690
-2063
-3594
-4982
-5371
-4341
-2249
-569
-688
-2268
-3868
-4155
-2794
-1020
-281
-666
-1487
-2017
-1691
-399
1426
3114
4485
5771
6758
7059
6793
6264
5292
3696
2291
1943
2814
4206
4824
3628
835
-1367
-1516
-749
-147
138
-466
-1715
-2058
-930
539
981
-266
-2834
-5544
-7054
-6320
-3786
-1696
-1535
-2305
-2466
-1666
-182
1507
2486
2231
1619
1973
3212
4235
4721
5204
5358
4539
3532
3289
3636
3597
2640
1054
-404
-854
-998
-2262
-4063
-5235
-5953
-6214
-5419
-3850
-2499
-1970
-2185
-2513
-2533
-2177
-1107
541
1512
1259
820
829
710
58
-807
-1503
-1707
-1191
-529
-695
-1676
-2415
-2096
-1400
-1239
-1187
-654
259
1148
1878
2140
1790
1494
1051
-104
-990
-1041
-1393
-2356
-2700
-1881
-746
-324
-1100
-2823
-4807
-6145
-5902
-4205
-2576
-2170
-2702
-3315
-3281
-2177
-332
1104
1459
1297
1182
983
782
1133
2112
2770
2878
3616
5674
8277
10038
10019
7707
4157
1794
1318
1768
2506
2938
2668
2249
2293
2624
2696
1963
-43
-3058
-5754
-6370
-4313
-1360
-28
-693
-1714
-1593
-53
2093
3579
3710
3228
3711
5686
8021
9503
10127
10282
9539
7989
6721
6146
5502
3973
1593
-1088
-2932
-3659
-5039
-7688
-9874
-10779
-10856
-9913
-7713
-5155
-3689
-4174
-6184
-8230
-8925
-7737
-5157
-2592
-1082
-66
1215
2200
2274
1976
1639
710
-620
-1430
-1862
-2750
-3981
-4514
-3980
-3335
-3056
-2629
-1744
-653
467
1282
864
-638
-2394
-4516
-6500
-7100
-6543
-5737
-4529
-2437
325
2858
3960
3291
1679
-100
-1396
-1555
-808
-154
-84
-154
353
1507
2742
3409
3279
2933
2835
2511
1788
1510
2361
3648
4246
4466
5415
7552
10062
11390
10249
6931
4020
3489
4677
6360
7698
7888
7205
6657
6445
6122
5164
2921
-748
-4855
-7618
-7528
-5237
-3653
-4499
-6317
-6893
-5547
-2964
-264
1470
1750
1263
1099
1579
2546
3860
5264
6052
5898
5741
6272
6833
6410
5043
3022
354
-2276
-4762
-7727
-10516
-12207
-13005
-12749
-10861
-8009
-5774
-5302
-6652
-8595
-9685
-9519
-8426
-7081
-6322
-6047
-5224
-3575
-1740
-76
1404
2427
2898
3204
3472
3248
2164
598
-547
-1031
-1112
-656
559
2413
4190
5046
4262
2111
10
-1868
-4155
-5911
-6143
-5388
-4101
-2085
427
2715
4141
4378
3562
1988
301
-290
768
2566
3940
4624
5063
5763
6691
7239
6907
5942
4925
3772
2117
475
-64
583
923
255
-64
1337
4151
6727
7549
6051
3416
1609
845
514
904
1803
2368
2732
3504
4636
5486
5025
2622
-860
-3828
-5247
-5022
-4391
-5054
-6977
-8503
-8369
-6470
-3581
-1043
59
-98
-352
120
1219
2281
2777
2506
1367
79
-180
838
2302
3310
3506
2799
1735
626
-1294
-3847
-5936
-7650
-9155
-9215
-7178
-4389
-2594
-2456
-3651
-5323
-6593
-6841
-5935
-4780
-4421
-4378
-3554
-1901
53
1954
3244
3515
3441
3895
4453
4048
2612
1326
1116
1749
2908
4529
6428
8218
9333
8978
6774
3858
1174
-1865
-5056
-7059
-7591
-7189
-6129
-4660
-3027
-1452
-426
-270
-775
-1525
-1951
-1707
-1358
-1570
-1846
-1292
186
2107
3999
5423
6139
6282
5941
5102
3962
2758
1739
801
-436
-1459
-1186
712
3300
5112
4928
2847
758
-155
-400
-149
437
313
-702
-1533
-1538
-941
-374
-622
-1881
-3352
-3792
-2492
-380
483
-584
-2331
-3484
-3521
-2239
-39
1837
2632
3059
3883
4756
5094
4875
4453
3645
2155
818
766
2027
3632
4691
4537
3164
1617
181
-1702
-3738
-5544
-7123
-7479
-5451
-1804
1331
2498
1695
-109
-1947
-3166
-3327
-2867
-2989
-3941
-4674
-4429
-3340
-2015
-1239
-1365
-1720
-1290
-121
772
775
151
-583
-1500
-2469
-2423
-689
2096
4716
6273
6179
4819
3216
1183
-1445
-3485
-4658
-5792
-6609
-6304
-5086
-3726
-2833
-2604
-2780
-3179
-3575
-3437
-2840
-2539
-2631
-2586
-2279
-1854
-1282
-637
-110
515
1589
2821
3679
4203
4800
5363
5164
4358
4067
4802
6068
7077
7178
5894
4137
3550
3853
3870
3505
2729
1453
338
-157
-220
-42
11
-577
-1661
-2484
-2225
-706
892
1048
-233
-1706
-2220
-1126
1550
4681
6781
7632
8197
8904
9226
8775
7817
6465
4289
1631
-263
-576
323
1219
953
-764
-2769
-4060
-5192
-6449
-7335
-8159
-9145
-9317
-8034
-5911
-4024
-3238
-3621
-4356
-4561
-3747
-2195
-1104
-1114
-1490
-1774
-2206
-2556
-2546
-2685
-3303
-3674
-3057
-1857
-1094
-1181
-1688
-2356
-3218
-3545
-2632
-909
665
1478
1129
-364
-1789
-2433
-3018
-3553
-3350
-2776
-2342
-1632
-261
1269
1988
1381
62
-988
-1437
-1111
127
1404
1548
725
-105
-351
36
598
791
845
1532
2979
4448
5314
5608
5809
5961
5715
5383
5655
6763
8307
9644
9981
9183
8509
8601
8577
7957
6864
5164
3128
1399
103
-925
-1776
-2763
-4222
-5961
-7019
-6396
-4530
-3182
-3205
-3737
-3860
-3401
-2420
-1136
44
1091
2425
4185
5912
7135
7795
7877
6884
4858
2981
1950
1431
989
322
-1175
-3492
-5553
-7000
-8179
-8920
-9392
-10150
-10652
-9834
-7773
-5735
-5092
-6231
-8206
-9729
-9960
-8534
-6035
-3756
-2182
-893
283
1266
2101
2620
2396
1477
608
390
697
988
1082
1217
1128
566
179
598
1706
2840
3048
1628
-508
-1687
-1986
-2194
-2121
-1861
-1827
-1412
43
1937
3116
3051
2248
1751
2001
2856
4244
5707
6204
5377
3983
2856
2244
1878
1231
181
-514
-107
903
1391
1121
874
1169
1542
1824
2669
4294
5891
6457
5590
3760
2574
3124
4345
5037
5342
5296
4582
3477
2550
1964
1186
-569
-3302
-6085
-7971
-8337
-7250
-5869
-5322
-5448
-5487
-5100
-4245
-2930
-1457
-355
226
664
1187
1635
1918
2290
2730
2729
2427
2595
3499
4628
5262
4845
3055
433
-2255
-4769
-6518
-7112
-7300
-7328
-6423
-4636
-3106
-2803
-3896
-5751
-7549
-8698
-8476
-6537
-3815
-1522
45
962
1466
2175
3209
3718
3122
2126
1894
2765
4143
5283
5950
6050
5404
4463
4010
4312
4879
4782
3092
-36
-2809
-4139
-4864
-5624
-6208
-6589
-6425
-5030
-2566
-89
1266
948
-590
-2332
-3275
-2578
-415
1667
2472
2433
2509
2932
3360
3465
3123
2363
1476
866
524
90
-474
-767
-738
-536
209
1784
3668
4864
4775
3532
2017
1384
1425
1060
326
-259
-742
-935
-406
685
1730
2078
1264
-462
-2141
-2885
-2586
-2119
-2414
-3179
-3444
-2885
-1615
201
1903
2658
2454
2192
2535
3089
3188
3003
3159
3485
3546
3593
3955
4631
5459
5974
5211
2900
120
-2228
-3673
-3756
-3063
-2608
-2091
-847
542
942
-141
-2396
-5072
-7506
-9027
-8843
-7053
-4984
-3778
-3496
-3531
-3063
-1761
-285
485
456
150
-116
-408
-616
-289
593
1232
1349
1767
3112
4978
6253
5967
3900
975
-1655
-3900
-5835
-7067
-7791
-8297
-7874
-5896
-3085
-890
-307
-1287
-2898
-4059
-4018
-2796
-1517
-1410
-2323
-3105
-2951
-1767
33
1711
2792
3512
4296
5050
5406
5226
4615
3668
2528
2016
2976
5103
7288
8493
8064
6144
4177
3344
3018
2323
1339
320
-379
-146
1056
2428
3003
2292
718
-742
-1487
-1457
-997
-720
-722
-312
856
2422
4109
5719
6611
6330
5454
4897
4680
4102
2923
1820
1288
858
126
-568
-630
154
1347
1925
1074
-778
-2964
-5408
-7565
-8647
-8691
-7857
-6004
-3563
-1531
-651
-1135
-2695
-4610
-6025
-6346
-5716
-4911
-4495
-4525
-4889
-5148
-4608
-3227
-1876
-1302
-1348
-1497
-1577
-1557
-1324
-997
-1197
-2238
-3260
-3126
-1549
820
2810
3296
2250
999
204
-653
-1498
-2047
-2793
-3686
-3617
-2022
262
1839
2057
1327
257
-648
-771
-106
339
-240
-1437
-2217
-1822
-206
1914
3544
4269
4576
5160
6028
6551
6282
5444
4507
4171
5326
7945
10837
12686
12841
11243
8780
6977
5961
4642
2744
632
-1346
-2449
-2250
-1513
-1334
-2102
-3475
-4691
-5105
-4522
-3296
-2442
-2853
-4091
-4810
-4155
-2225
333
2623
3986
4595
5175
5905
6264
5912
5000
3702
1954
-2
-1540
-2268
-2135
-1326
-416
-415
-1692
-3596
-5774
-7956
-9284
-9556
-9408
-8961
-8014
-6942
-6367
-6495
-7015
-7386
-7280
-6418
-4538
-2111
-212
660
683
128
-519
-655
-188
411
806
1225
1862
2331
2224
1699
984
-74
-1316
-2013
-1491
329
2677
4221
4022
2628
1274
280
-372
-612
-1045
-1992
-2330
-850
2126
5043
6505
6311
5188
3870
2980
2892
2976
2101
142
-1978
-3225
-3000
-1616
-312
-4
-260
2
1137
2529
3465
3738
3299
2189
1246
1663
3681
6282
8069
8271
7241
6420
6525
6454
5404
3872
2120
108
-1534
-2253
-2505
-3186
-4663
-6357
-7250
-6873
-5575
-4268
-3966
-4784
-5596
-5386
-4258
-2841
-1644
-1052
-1017
-765
472
2456
4222
5210
5630
5606
4899
3808
3026
2762
2722
2623
2134
937
-645
-2172
-3655
-4914
-5791
-6569
-7100
-6767
-5793
-5197
-5482
-6218
-6657
-6446
-5639
-4220
-2262
-255
1251
1948
1697
928
615
1351
2806
4237
5303
6111
6641
6595
5881
4758
3236
1218
-761
-1861
-1598
-197
1247
1221
-596
-2742
-4044
-4544
-4364
-3841
-3712
-3924
-3614
-2466
-985
217
818
839
559
549
1438
2925
3627
2779
1170
-184
-982
-1218
-1071
-1092
-1558
-1928
-1488
-238
1141
1989
2064
1330
302
221
1741
3979
5373
5078
3353
1500
955
1555
2163
2453
2465
2089
1707
1830
2246
2228
1102
-1158
-3526
-4681
-4166
-2659
-1369
-1042
-1434
-1837
-1854
-1391
-512
276
343
-7
416
2162
4435
6090
6709
6521
5777
4843
4185
3900
3840
3978
4244
4177
3581
2719
1543
109
-1142
-2263
-3416
-4108
-4128
-4239
-5198
-6847
-8320
-8973
-8986
-8606
-7524
-5665
-3626
-2063
-1249
-1073
-1119
-1080
-1047
-1124
-929
14
1502
2806
3524
3839
3815
3038
1629
609
682
1452
1953
1370
-609
-3180
-5169
-6301
-6578
-6015
-5396
-5329
-5205
-4287
-2707
-1172
-482
-1015
-2408
-3796
-4203
-3229
-1663
-646
-360
-221
271
1306
2625
3581
3732
3274
2797
2737
3143
3767
4251
4304
3964
3866
4589
5892
6902
6911
5699
3674
2154
2010
2611
3220
3633
3438
2636
2154
2555
3163
2801
1011
-1313
-2585
-1946
144
2350
3449
3289
2627
2078
1824
1916
2059
1575
311
-743
-417
1161
2618
2919
2308
1457
691
308
558
1315
2090
2280
1339
-653
-2563
-3625
-4205
-4540
-4562
-4438
-4079
-3304
-2602
-2642
-3629
-5396
-7398
-8932
-9611
-9265
-7961
-6224
-4633
-3485
-2906
-2743
-2633
-2445
-2278
-2056
-1590
-981
-637
-795
-1224
-1522
-1689
-1826
-1513
-249
1902
4191
5496
4979
2980
753
-1167
-2796
-3617
-3501
-3184
-2772
-1591
298
1884
2304
1438
-149
-1738
-2755
-2700
-1628
-385
398
830
1176
1649
2536
3755
4625
4629
4122
3964
4651
6019
7509
8513
8651
8316
8405
9151
9887
9791
8437
5890
3092
1353
818
756
655
6
-1344
-2447
-2310
-1221
-363
-674
-2186
-4024
-5178
-5156
-4059
-2574
-1533
-1040
-580
230
1437
2686
3282
2886
2066
1660
1893
2283
2189
1437
313
-907
-1796
-1836
-1025
85
820
591
-841
-2763
-4290
-5642
-7176
-8491
-9323
-9567
-8794
-7021
-5150
-4066
-3932
-4311
-4699
-4833
-4438
-3364
-2102
-1348
-1123
-1027
-823
-364
429
1209
1444
1161
890
902
898
485
-234
-861
-1201
-995
113
2037
4144
5667
5977
4833
2856
876
-793
-1630
-1144
48
1130
2300
3925
5512
6140
5348
3441
1106
-1041
-2429
-2744
-2387
-2056
-2083
-2458
-2838
-2562
-1349
199
1268
1752
2099
2508
2768
2773
2807
3053
3424
4184
5701
7695
9293
9655
8443
6281
4511
3496
2404
1020
-353
-1937
-3614
-4443
-3953
-2860
-2375
-3153
-4736
-6060
-6360
-5521
-4198
-3492
-3833
-4576
-4913
-4437
-3067
-1204
367
1331
2278
3830
5643
6783
6812
5944
4348
2287
699
465
1468
2865
3792
3475
1719
-616
-2796
-4775
-6359
-7460
-8280
-8406
-7241
-5212
-3472
-2811
-3200
-3913
-4185
-3734
-2638
-1274
-169
558
1277
2218
3293
4362
5236
5560
5154
4394
3774
3215
2235
677
-1057
-2505
-3313
-3220
-2305
-908
545
1502
1381
311
-867
-1911
-3026
-3925
-4405
-4519
-3814
-1875
713
2848
3845
3643
2580
1129
-23
-297
-108
-484
-1614
-2888
-3867
-4276
-3810
-2589
-1260
-345
260
863
1414
1726
1904
2017
1770
1250
1210
2035
3289
4307
4694
4417
4097
4404
4939
5001
4571
3644
2104
469
-495
-643
-517
-849
-1795
-2651
-2780
-2267
-1611
-1377
-1836
-2637
-3288
-3515
-2975
-1495
390
1898
2936
4048
5534
7006
7793
7551
6305
4381
2712
2459
3869
6056
7805
8186
6811
4282
1602
-945
-3340
-5402
-7241
-8751
-9158
-8196
-6851
-6372
-7047
-8102
-8558
-8024
-6545
-4390
-2326
-1266
-1387
-2059
-2394
-1781
-338
1172
2109
2607
3188
3857
4013
3329
2104
552
-1312
-2894
-3371
-2678
-1488
-576
-477
-1242
-2244
-3053
-3914
-4791
-5278
-5370
-5095
-4207
-2830
-1611
-1114
-1436
-2171
-2708
-2591
-1579
100
1586
2153
1900
1330
830
619
735
1025
1369
1888
2799
4039
5132
5560
5239
4340
3242
2679
3018
3839
4592
5084
5252
5226
5448
5809
5742
5359
4892
3882
2265
951
722
1414
2199
2344
1939
1631
1746
2062
2102
1456
165
-1346
-2718
-3596
-3511
-2486
-1339
-777
-461
429
1987
3492
4287
4231
3275
1570
-79
-728
-44
1547
3027
3269
2112
560
-739
-1990
-3297
-4556
-5738
-6596
-6888
-6843
-7006
-7781
-9042
-10109
-10280
-9245
-7129
-4644
-2882
-2429
-2871
-3310
-3147
-2470
-1853
-1792
-2176
-2316
-1673
-456
664
1284
1426
1163
748
780
1638
2977
3888
3610
2128
347
-758
-1267
-1582
-1631
-1625
-1935
-2151
-1624
-549
188
-57
-1069
-1983
-2091
-1175
482
2038
2718
2639
2363
2077
1809
1803
2276
3183
4429
5998
7714
9123
9750
9445
8357
6771
5269
4429
4160
3955
3615
3234
2761
2249
1884
1504
1112
983
818
162
-646
-1096
-1316
-1791
-2652
-3411
-3435
-2643
-1411
-118
817
1013
494
-336
-1000
-1239
-1168
-1150
-1401
-1666
-1378
-347
984
2028
2472
2114
825
-866
-1888
-1552
-158
1150
1114
-673
-3227
-5306
-6621
-7236
-7147
-6717
-6185
-5273
-3980
-2950
-2775
-3533
-4864
-6151
-6673
-5808
-3633
-1211
330
748
445
-67
-370
-344
-288
-603
-1151
-1231
-418
907
2044
2572
2352
1607
1197
1884
3413
4751
5063
4264
3041
2414
2568
2793
2804
2709
2265
1533
1186
1454
1652
955
-772
-2778
-4037
-4125
-3341
-2354
-1781
-1680
-1636
-1393
-954
-344
274
537
388
460
1503
3395
5226
6292
6598
6403
5978
5724
5861
6149
6072
5268
3810
2242
1161
451
-312
-907
-1129
-1443
-2051
-2523
-2679
-2860
-3359
-4097
-4747
-5098
-5163
-4959
-4553
-4148
-3770
-3224
-2423
-1330
96
1576
2570
2977
3330
3986
4618
4816
4648
4287
3522
2371
1541
1614
2405
3200
3177
1785
-697
-3264
-5232
-6391
-6543
-5930
-5223
-4614
-3827
-2854
-2123
-2152
-3079
-4382
-5102
-4349
-1867
1448
4044
5075
4852
4065
3235
2636
2142
1296
-66
-1378
-1874
-1435
-719
-524
-1160
-2320
-3145
-2719
-935
1349
2945
3008
1481
-664
-2143
-2589
-2311
-1603
-912
-498
113
1307
2543
2938
2143
412
-1650
-3289
-3937
-3661
-3221
-3245
-3532
-3533
-3087
-2347
-1520
-927
-780
-698
8
1359
2545
2868
2395
1623
1023
1130
2277
4076
5752
6802
7098
6738
6180
5707
4892
3537
2150
1019
100
-382
-207
269
304
-528
-1883
-3017
-3544
-3599
-3483
-3398
-3262
-2789
-1880
-735
466
1648
2686
3469
4116
4845
5604
6179
6604
7058
7290
6841
5985
5559
5883
6455
6428
5078
2257
-1232
-4415
-6857
-8223
-8456
-8317
-8412
-8372
-7708
-6625
-5760
-5544
-5928
-6514
-6758
-6095
-4336
-2094
-322
564
834
1000
1464
2160
2496
2033
1159
574
355
71
-575
-1621
-3026
-4432
-4936
-3843
-1546
687
1656
918
-944
-2599
-3323
-3535
-3736
-4084
-4641
-4984
-4353
-2661
-713
546
742
259
-184
-93
607
1457
1646
874
-268
-948
-782
97
1271
2219
2673
2918
3416
4100
4469
4172
3280
2198
1628
2259
4017
6016
7356
7766
7524
7152
6955
6505
5364
4042
3223
2920
3010
3516
4180
4421
3769
2293
613
-716
-1669
-2473
-3302
-4122
-4597
-4482
-4043
-3603
-3044
-2166
-1070
121
1533
3116
4300
4533
3894
2874
1816
1019
972
1927
3563
5097
5582
4342
1725
-1097
-3522
-5619
-7230
-8267
-9037
-9583
-9588
-8994
-8137
-7495
-7379
-7688
-7972
-7593
-6079
-3799
-1966
-1473
-2121
-3086
-3613
-3324
-2402
-1419
-666
159
1348
2618
3363
3272
2399
924
-586
-1136
-175
1748
3389
3802
2923
1502
305
-646
-1530
-2224
-2837
-3521
-3732
-2809
-968
840
1731
1500
739
358
898
2047
2801
2484
1532
978
1446
2843
4592
5992
6635
6714
6776
7026
7067
6391
4892
2893
1061
284
942
2308
3293
3523
3341
3198
3404
3790
3700
2872
1620
118
-1339
-1982
-1445
-363
317
238
-193
-458
-554
-718
-988
-1446
-2267
-3284
-4098
-4511
-4509
-4111
-3398
-2410
-1019
762
2411
3233
3048
2290
1324
168
-945
-1453
-1092
-215
453
263
-854
-2208
-3218
-3918
-4302
-4320
-4335
-4589
-4868
-5025
-5145
-5265
-5380
-5495
-5436
-4807
-3318
-1297
274
609
-127
-1248
-2211
-2625
-2253
-1318
-282
722
1826
2934
3746
4061
3761
2707
1167
208
900
3201
5898
7572
7557
6288
4778
3468
2151
830
-457
-1933
-3365
-3953
-3315
-2054
-1294
-1732
-2961
-3857
-3592
-2197
-508
437
239
-683
-1613
-1932
-1277
173
1713
2874
3931
5300
6720
7428
6998
5709
4088
2617
1807
1809
2160
2264
1969
1540
1420
1808
2156
1805
826
-463
-1847
-2802
-2917
-2605
-2678
-3473
-4601
-5331
-5250
-4460
-3274
-2062
-1182
-686
-392
-160
90
380
562
592
891
1992
3745
5335
6120
6008
5092
3440
1506
200
48
663
1218
1116
237
-945
-1855
-2563
-3271
-3657
-3598
-3512
-3645
-3854
-3919
-3672
-3081
-2348
-1671
-941
214
1918
3492
3947
3029
1300
-599
-2211
-3137
-3238
-2852
-2409
-1993
-1451
-772
-136
225
110
-541
-1293
-1390
-532
842
2026
2518
2214
1594
1231
1099
960
706
87
-869
-1538
-1546
-1257
-1293
-2076
-3531
-4977
-5542
-4789
-3104
-1560
-1057
-1587
-2471
-2967
-2616
-1563
-552
-185
-191
186
1222
2483
3415
3828
3833
3728
3997
4876
5994
6750
6800
6125
5073
4325
4143
4003
3547
2897
1998
831
-173
-708
-1054
-1704
-2827
-4015
-4600
-4249
-3108
-1627
-446
62
170
372
801
1269
1577
1755
2229
3612
5959
8423
9983
10279
9502
7820
5495
3301
2028
1655
1458
743
-683
-2472
-4087
-5459
-6773
-7669
-7711
-7216
-6692
-6208
-5785
-5635
-5892
-6409
-6737
-6352
-4963
-2627
99
2205
2977
2518
1380
155
-705
-1179
-1648
-2276
-2748
-2756
-2405
-2013
-1747
-1670
-1947
-2529
-2816
-2222
-841
637
1395
912
-556
-2099
-3165
-3776
-3879
-3514
-3014
-2371
-1219
393
1802
2286
1630
277
-1013
-1592
-1163
-79
793
947
652
406
451
794
1201
1344
1232
1279
1813
2732
3690
4418
4801
4809
4696
5019
5998
7163
7804
7596
6802
6179
6353
7008
7377
7198
6488
5244
3806
2649
1757
677
-953
-2979
-4769
-5696
-5584
-4785
-4021
-3814
-3953
-3834
-3192
-2178
-1079
-225
202
506
1275
2705
4339
5535
5961
5585
4544
3345
2697
2820
3258
3254
2138
-196
-2976
-5330
-7175
-8610
-9311
-9213
-8729
-8138
-7531
-7098
-7014
-7238
-7497
-7474
-6984
-5909
-4309
-2755
-1966
-1968
-2186
-2156
-1708
-845
158
887
1274
1650
2116
2295
1894
1113
311
-366
-611
90
1697
3355
4096
3489
1849
38
-1343
-2373
-3037
-3037
-2487
-1721
-725
552
1842
2698
2726
1867
609
-234
33
1470
3288
4493
4784
4566
4317
4251
4274
4071
3454
2676
2168
2056
2171
2308
2256
1792
1034
669
1304
2740
4239
5188
5329
4766
3969
3275
2663
2229
2039
1758
1273
1007
1170
1295
784
-440
-1901
-3167
-4105
-4607
-4692
-4757
-5108
-5462
-5327
-4541
-3339
-2155
-1360
-887
-182
1157
2756
3755
3640
2523
779
-1030
-2006
-1509
150
1928
2816
2393
1001
-581
-1983
-3340
-4572
-5462
-6028
-6229
-5912
-5207
-4459
-3995
-4030
-4467
-4839
-4575
-3419
-1893
-997
-1083
-1524
-1605
-1148
-322
558
1197
1630
2179
2907
3408
3344
2919
2617
2606
2855
3595
5001
6622
7564
7176
5465
3077
803
-1170
-2922
-4109
-4474
-4367
-4127
-3649
-2802
-1793
-1092
-1035
-1455
-1865
-1885
-1442
-821
-423
-285
-113
317
1070
2120
3193
3844
3959
3955
4170
4335
3959
2997
1751
468
-521
-692
161
1631
3035
3813
3755
3155
2533
2024
1476
785
-258
-1727
-3105
-3755
-3640
-3211
-2888
-2760
-2630
-2314
-1748
-988
-346
-263
-819
-1599
-2032
-1746
-802
367
1445
2548
3859
5130
5811
5586
4552
2871
763
-1003
-1366
-64
2012
3517
3572
2291
624
-666
-1744
-2896
-3856
-4329
-4232
-3483
-2231
-966
-144
4
-494
-1284
-1785
-1560
-800
-393
-1033
-2339
-3383
-3764
-3692
-3444
-3138
-2722
-1975
-760
618
1507
1464
598
-642
-1681
-1779
-473
1814
4028
5282
5257
4192
2708
1283
-85
-1418
-2591
-3605
-4407
-4730
-4451
-3804
-3186
-2917
-3033
-3268
-3289
-2898
-2166
-1474
-1210
-1439
-1937
-2366
-2401
-1952
-1214
-334
842
2443
4173
5484
6050
5920
5290
4417
3690
3467
3824
4595
5439
5950
6008
5869
5559
4767
3496
2010
378
-1273
-2516
-3042
-2917
-2458
-1985
-1667
-1506
-1320
-783
108
754
619
-66
-534
-139
1228
3082
4766
6068
7241
8351
8986
8693
7403
5270
2463
-470
-2398
-2486
-1179
106
184
-1068
-2792
-4020
-4616
-5021
-5394
-5760
-6316
-6946
-7110
-6477
-5297
-4148
-3452
-3117
-2656
-1655
-172
1125
1401
425
-1249
-2870
-3963
-4445
-4538
-4475
-4144
-3207
-1711
-326
229
-193
-1196
-2231
-2757
-2362
-1158
184
939
801
-24
-895
-1240
-1168
-1056
-903
-668
-529
-426
-114
297
400
-16
-730
-1274
-1293
-664
466
1522
1804
1171
133
-722
-1116
-1081
-756
-167
875
2519
4444
5954
6618
6607
6276
5714
5010
4568
4828
5902
7498
9001
9843
9989
9697
8890
7439
5566
3435
1075
-1212
-2971
-3988
-4347
-4383
-4520
-4917
-5300
-5135
-4165
-2836
-1920
-1738
-2042
-2409
-2460
-1935
-822
713
2550
4586
6477
7708
7907
6991
5083
2593
328
-898
-936
-468
-500
-1625
-3548
-5300
-6224
-6555
-6728
-6889
-7214
-7755
-8076
-7767
-7031
-6465
-6483
-6957
-7283
-6753
-5023
-2527
-380
570
484
62
-226
-254
-124
-146
-450
-615
-77
1071
2105
2468
2166
1410
464
-123
157
1144
2035
2098
1243
96
-506
-373
-61
37
29
53
210
612
1136
1461
1435
1249
1280
1778
2710
3909
5040
5508
4921
3549
2018
739
-196
-864
-1270
-1180
-362
948
2087
2604
2635
2574
2553
2515
2560
2846
3326
3860
4374
4836
5249
5669
5921
5701
5049
4101
2732
1028
-516
-1626
-2504
-3413
-4391
-5371
-6241
-6704
-6357
-5219
-3957
-3266
-3238
-3511
-3631
-3234
-2279
-1104
-9
1025
2055
2876
3241
3114
2560
1607
596
285
1113
2573
3596
3346
1703
-662
-2743
-4040
-4656
-4772
-4638
-4620
-4799
-4930
-4873
-4762
-4849
-5293
-5906
-6077
-5112
-2914
-366
1278
1535
956
383
285
592
848
744
629
1253
2862
4774
6039
6272
5673
4581
3468
2934
3139
3503
3195
1855
-97
-1731
-2468
-2725
-3152
-3675
-3905
-3701
-3028
-1949
-849
-295
-607
-1541
-2380
-2414
-1403
312
1948
2794
2776
2328
1829
1429
1161
910
553
297
495
1043
1402
1283
943
756
767
900
1212
1741
2421
3165
3813
4087
3880
3278
2281
1014
-154
-1060
-1751
-2105
-1985
-1522
-1031
-797
-957
-1469
-2137
-2606
-2542
-2020
-1485
-1216
-1100
-861
-368
302
947
1509
2173
3034
3794
4070
3853
3374
2698
1830
1173
1347
2459
3814
4371
3487
1439
-684
-1926
-2159
-1723
-1050
-655
-795
-1206
-1557
-1836
-2275
-3139
-4439
-5702
-6133
-5197
-3312
-1786
-1608
-2496
-3430
-3671
-3125
-2193
-1440
-1127
-969
-532
229
997
1503
1680
1554
1348
1582
2572
3876
4623
4262
2830
830
-1009
-2344
-3430
-4421
-5128
-5400
-5124
-4217
-2944
-1938
-1716
-2274
-3046
-3353
-2938
-2047
-1196
-930
-1383
-2079
-2378
-1987
-1024
159
1260
2282
3432
4697
5645
5799
5128
4096
3218
2777
2900
3608
4727
5895
6666
6715
6098
5204
4155
2784
1240
-68
-958
-1377
-1300
-924
-550
-312
-225
-374
-834
-1367
-1425
-694
509
1624
2377
2843
3232
3666
4063
4294
4430
4617
4721
4373
3457
2261
1018
-365
-1781
-2551
-2083
-662
690
1032
107
-1580
-3274
-4619
-5524
-5783
-5453
-4989
-4612
-4118
-3365
-2584
-2243
-2609
-3384
-3902
-3680
-2802
-1976
-2017
-3058
-4426
-5308
-5274
-4446
-3403
-2700
-2346
-1895
-1077
-156
343
116
-767
-1938
-2737
-2485
-1096
751
2150
2587
2194
1584
1211
899
337
-412
-1213
-1925
-2138
-1551
-487
375
622
312
-186
-490
-379
89
440
116
-814
-1633
-1678
-847
457
1678
2592
3507
4763
6101
6817
6560
5736
5072
4988
5535
6585
7905
9192
10097
10259
9540
8228
6632
4664
2307
-23
-1900
-3180
-3903
-4247
-4396
-4360
-4105
-3770
-3545
-3444
-3250
-2829
-2414
-2291
-2311
-2059
-1333
-207
1136
2506
3781
4926
5840
6259
5905
4696
2807
539
-1717
-3342
-3743
-2933
-1640
-813
-1050
-2273
-3841
-5179
-6103
-6520
-6510
-6575
-7058
-7651
-7836
-7452
-6726
-6003
-5406
-4674
-3388
-1424
651
1857
1679
479
-987
-2066
-2359
-1905
-1144
-400
458
1566
2575
2916
2399
1297
-27
-1213
-1711
-1076
508
2251
3320
3351
2671
2011
1699
1436
941
252
-425
-635
110
1693
3333
4266
4291
3739
3077
2627
2488
2367
1664
129
-1694
-2927
-3118
-2541
-1836
-1346
-786
343
2027
3617
4431
4318
3585
2619
1813
1672
2525
4178
6045
7518
8225
8193
7656
6601
4935
2888
751
-1381
-3276
-4614
-5370
-5720
-5779
-5611
-5345
-5091
-4802
-4308
-3687
-3254
-3128
-3127
-3092
-2964
-2656
-2090
-1217
63
1778
3605
4970
5487
5165
4186
2757
1339
570
665
1189
1484
1147
156
-1095
-2082
-2724
-3235
-3716
-4294
-5121
-6019
-6608
-6694
-6324
-5677
-4929
-4087
-2964
-1384
511
2091
2631
1969
629
-584
-974
-290
1085
2516
3741
4893
5908
6334
5808
4448
2618
651
-1000
-1738
-1332
-244
616
537
-434
-1503
-1969
-1921
-1794
-1764
-1921
-2293
-2573
-2368
-1654
-771
-93
266
514
961
1749
2647
3029
2418
1012
-549
-1740
-2351
-2492
-2452
-2297
-1703
-415
1255
2560
3003
2655
1891
1103
718
1048
1987
3090
3906
4168
3924
3561
3337
3038
2462
1711
885
31
-681
-1121
-1395
-1719
-2199
-2737
-3105
-3081
-2508
-1462
-448
-44
-331
-922
-1370
-1433
-1136
-601
244
1629
3495
5269
6251
6155
5221
3881
2547
1664
1532
2030
2720
3174
3138
2631
1964
1366
758
44
-828
-2024
-3531
-5002
-6102
-6734
-6946
-6858
-6604
-6182
-5372
-3976
-2279
-1029
-735
-1237
-2029
-2673
-2931
-2779
-2289
-1415
-24
1739
3333
4208
4219
3543
2403
1162
382
340
711
885
415
-764
-2213
-3239
-3579
-3513
-3332
-3227
-3371
-3630
-3555
-2938
-2121
-1680
-1901
-2530
-3034
-2947
-2116
-887
35
257
58
-16
303
905
1489
1846
2082
2513
3298
4186
4763
4867
4657
4282
3830
3537
3678
4274
5021
5429
5181
4533
4039
3809
3500
2903
2021
966
67
-385
-500
-613
-872
-1135
-1129
-658
317
1662
2950
3604
3360
2488
1475
670
162
-149
-264
84
1094
2392
3174
2940
1894
580
-566
-1195
-1016
-169
684
846
96
-1195
-2314
-2777
-2729
-2539
-2364
-2382
-2823
-3587
-4281
-4674
-4926
-5333
-5943
-6440
-6411
-5653
-4355
-3108
-2497
-2634
-3198
-3790
-4098
-3974
-3477
-2760
-1904
-953
-127
230
14
-500
-959
-1154
-862
131
1678
3187
3987
3750
2663
1300
148
-692
-1205
-1340
-1264
-1141
-843
-280
270
400
-23
-792
-1548
-1960
-1730
-813
316
1000
1044
800
743
1135
1859
2536
2962
3397
4258
5586
6963
7921
8307
8188
7687
7045
6628
6627
6871
6883
6202
4841
3401
2366
1530
472
-882
-2316
-3459
-3937
-3720
-3157
-2703
-2689
-3173
-3838
-4097
-3449
-1978
-411
545
832
840
895
1074
1325
1581
1854
2212
2634
2831
2398
1238
-329
-1817
-2778
-2865
-2090
-1008
-374
-595
-1547
-2765
-3795
-4570
-5285
-5956
-6490
-6923
-7182
-6983
-6210
-5103
-4055
-3340
-2919
-2480
-1733
-738
52
179
-355
-1118
-1671
-1766
-1386
-790
-311
8
428
1031
1444
1251
546
-168
-491
-278
524
1807
3200
4247
4578
4047
2914
1752
983
744
1067
1733
2318
2707
3094
3469
3496
2916
1785
388
-942
-1844
-2025
-1618
-1272
-1537
-2291
-2927
-2900
-2128
-957
203
1222
2174
3025
3565
3723
3739
3850
4014
4162
4518
5354
6562
7618
7946
7308
5975
4401
2733
911
-990
-2835
-4457
-5506
-5687
-5145
-4391
-3949
-4067
-4574
-4948
-4692
-3777
-2779
-2386
-2722
-3296
-3507
-3012
-1841
-287
1354
3001
4620
5929
6452
5900
4393
2353
401
-753
-665
395
1613
2217
1831
569
-1020
-2388
-3424
-4292
-5093
-5861
-6470
-6562
-5903
-4742
-3614
-2871
-2432
-1941
-1143
-101
883
1459
1550
1420
1389
1588
2013
2544
2929
3029
3004
3057
2989
2338
993
-584
-1793
-2388
-2403
-1901
-996
53
877
1157
858
277
-348
-1060
-1793
-2244
-2258
-1859
-1044
95
1218
1941
2061
1629
902
244
-83
-168
-455
-1297
-2564
-3751
-4363
-4154
-3229
-1961
-697
463
1514
2336
2781
2868
2697
2249
1518
841
782
1643
3203
4828
5867
6119
5903
5481
4720
3524
1995
233
-1542
-2842
-3263
-2894
-2213
-1731
-1664
-1882
-2038
-1822
-1294
-935
-1175
-1922
-2627
-2693
-1847
-281
1516
3176
4656
5989
6922
6999
6001
4218
2335
1169
1312
2670
4420
5605
5680
4624
2859
1001
-627
-2135
-3680
-5289
-6838
-7941
-8214
-7769
-7115
-6623
-6248
-5672
-4618
-3101
-1487
-396
-326
-1182
-2289
-2902
-2670
-1725
-495
655
1687
2725
3615
3910
3315
1990
357
-1184
-2293
-2711
-2431
-1743
-1031
-596
-588
-906
-1342
-1865
-2478
-2943
-3098
-3096
-3060
-2909
-2634
-2383
-2248
-2150
-1921
-1433
-600
543
1619
2059
1660
766
-122
-675
-728
-256
644
1848
3251
4617
5531
5699
5208
4357
3346
2364
1776
1987
3103
4758
6242
6970
6903
6391
5636
4638
3399
1877
154
-1266
-1737
-1082
224
1419
1974
1872
1486
1251
1314
1343
795
-490
-2096
-3317
-3596
-2885
-1664
-468
605
1761
2967
3786
3774
2865
1335
-325
-1466
-1560
-627
714
1693
1850
1254
403
-298
-939
-1778
-2884
-4266
-5828
-7156
-7831
-7894
-7735
-7611
-7378
-6664
-5306
-3572
-2077
-1442
-1832
-2786
-3614
-3935
-3797
-3450
-3098
-2694
-1961
-745
634
1593
1854
1621
1254
985
998
1386
1967
2352
2285
1812
1200
755
548
389
152
-165
-617
-1150
-1487
-1496
-1404
-1444
-1542
-1435
-962
-144
894
1909
2524
2487
1912
1128
492
349
936
2237
3996
5896
7622
8818
9173
8675
7589
6159
4538
3016
2063
2023
2828
3898
4449
4120
3246
2312
1458
636
-236
-1304
-2524
-3538
-3993
-3820
-3224
-2544
-2039
-1669
-1137
-205
907
1543
1240
196
-1010
-1880
-2176
-1929
-1379
-730
38
966
1824
2180
1751
606
-894
-2168
-2593
-1998
-921
-220
-456
-1592
-3070
-4178
-4626
-4617
-4478
-4468
-4709
-4985
-4913
-4418
-3831
-3556
-3673
-3811
-3424
-2298
-775
469
890
435
-504
-1429
-1994
-2115
-1964
-1752
-1402
-610
654
1915
2614
2596
2146
1683
1558
1917
2579
3171
3457
3486
3465
3587
3861
4042
3915
3506
2855
1960
1022
283
-328
-1062
-1924
-2624
-2904
-2779
-2395
-1850
-1310
-1032
-1100
-1326
-1475
-1438
-1203
-776
-99
1000
2575
4329
5721
6423
6525
6217
5535
4604
3864
3725
4146
4657
4700
4010
2798
1499
328
-685
-1542
-2403
-3431
-4445
-5027
-4944
-4364
-3772
-3631
-3991
-4432
-4403
-3697
-2661
-1868
-1555
-1490
-1263
-585
534
1809
2922
3751
4326
4615
4494
3892
2890
1714
706
238
456
1054
1470
1255
270
-1269
-2795
-3737
-3984
-3808
-3599
-3717
-4155
-4431
-4113
-3356
-2716
-2536
-2558
-2132
-823
1177
3133
4264
4244
3348
2123
1030
277
-204
-646
-1110
-1308
-955
-256
165
-117
-922
-1703
-1992
-1575
-548
677
1562
1738
1207
365
-217
-273
-5
327
606
743
752
780
831
704
226
-594
-1563
-2398
-2868
-2912
-2697
-2555
-2659
-2874
-2975
-2877
-2588
-2100
-1377
-353
936
2230
3085
3236
2831
2263
1795
1542
1710
2559
4092
5900
7310
7766
7225
6058
4571
2890
1253
-114
-1242
-2132
-2553
-2373
-1848
-1463
-1581
-2184
-2904
-3293
-3082
-2361
-1539
-983
-731
-569
-206
597
1832
3189
4312
5086
5603
5916
5982
5738
5192
4474
3887
3731
3968
4162
3817
2653
701
-1607
-3598
-4844
-5433
-5765
-6301
-7175
-7925
-7911
-7024
-5772
-4766
-4243
-3976
-3555
-2724
-1550
-406
252
275
-57
-312
-239
91
400
510
525
626
740
550
-177
-1330
-2515
-3307
-3392
-2666
-1407
-183
483
407
-181
-805
-1154
-1383
-1768
-2309
-2874
-3302
-3311
-2717
-1729
-782
-145
195
386
580
873
1181
1186
636
-257
-975
-1177
-828
-51
963
1991
2929
3769
4403
4594
4220
3470
2697
2181
2151
2814
4167
5877
7411
8278
8247
7449
6175
4661
3213
2172
1549
1120
860
939
1323
1644
1462
627
-616
-1821
-2605
-2846
-2757
-2700
-2899
-3296
-3580
-3322
-2293
-695
1022
2509
3592
4082
3795
2806
1531
474
-22
199
1075
2235
3129
3258
2405
790
-1009
-2543
-3807
-4972
-6172
-7498
-8758
-9405
-9052
-7917
-6637
-5719
-5202
-4737
-3975
-2864
-1762
-1246
-1644
-2705
-3805
-4375
-4166
-3290
-2078
-789
557
1922
2993
3359
2916
1934
793
-132
-459
22
1070
2141
2770
2780
2290
1595
876
125
-642
-1398
-2136
-2626
-2475
-1617
-476
418
845
958
1080
1413
1883
2165
1970
1415
1005
1147
1843
2864
3980
4997
5795
6366
6687
6573
5818
4481
2907
1500
576
358
896
2011
3351
4484
5046
4965
4409
3460
2088
450
-1172
-2534
-3346
-3315
-2478
-1272
-265
153
-44
-557
-968
-1047
-1000
-1288
-2117
-3233
-4190
-4585
-4159
-2946
-1284
399
1797
2683
2849
2250
1148
-69
-1127
-1845
-2056
-1767
-1237
-810
-741
-1090
-1632
-2004
-2117
-2193
-2503
-3225
-4332
-5437
-6008
-5815
-5078
-4202
-3409
-2603
-1617
-515
397
728
258
-867
-2201
-3251
-3626
-3166
-2041
-621
809
2131
3216
3834
3810
3191
2224
1288
877
1397
2798
4501
5810
6315
6014
5203
4190
3057
1792
419
-1058
-2486
-3419
-3513
-2999
-2476
-2333
-2462
-2476
-2072
-1243
-302
230
-13
-876
-1782
-2166
-1757
-616
929
2520
3985
5261
6158
6388
5862
4801
3466
2069
927
433
724
1531
2389
2913
2969
2668
2096
1197
6
-1251
-2374
-3251
-3745
-3780
-3487
-3146
-2992
-3022
-3004
-2669
-1920
-929
-79
302
192
-160
-448
-462
-129
486
1270
2118
2903
3417
3446
2917
1985
937
63
-422
-496
-340
-171
-111
-203
-416
-627
-763
-876
-1043
-1330
-1818
-2427
-2845
-2774
-2194
-1344
-499
219
842
1410
1845
1985
1682
928
-96
-1118
-1882
-2205
-2067
-1638
-1149
-701
-289
62
262
268
123
-99
-320
-420
-288
74
549
968
1206
1252
1212
1144
1006
752
372
-106
-584
-924
-1082
-1148
-1245
-1408
-1555
-1548
-1309
-905
-540
-435
-633
-955
-1168
-1146
-909
-562
-214
107
443
820
1176
1416
1503
1467
1350
1230
1227
1430
1786
2118
2244
2116
1834
1534
1235
896
516
105
-338
-743
-982
-1007
-920
-878
-937
-1006
-945
-685
-292
77
274
277
175
79
57
163
418
810
1284
1762
2133
2284
2157
1796
1313
831
444
191
40
-86
-224
-388
-583
-793
-977
-1112
-1201
-1261
-1332
-1435
-1522
-1519
-1416
-1267
-1108
-916
-655
-324
26
320
479
451
251
-36
-303
-482
-557
-558
-518
-456
-371
-279
-214
-197
-219
-267
-325
-368
-337
-211
-32
113
150
64
-78
-201
-273
-292
-277
-253
-236
-192
-97
23
102
106
37
-59
-113
-80
20
108
119
60
-18
-70
-74
-21
72
174
274
379
498
608
682
702
664
592
549
600
743
908
1015
1028
980
928
883
814
699
540
347
138
-38
-140
-186
-236
-334
-456
-537
-534
-456
-357
-293
-281
-294
-297
-260
-180
-68
48
152
250
355
446
485
453
369
275
201
160
147
137
103
22
-108
-260
-397
-498
-570
-621
-659
-693
-722
-722
-683
-615
-538
-464
-390
-315
-244
-186
-151
-149
-177
-214
-232
-217
-163
-80
7
82
140
174
175
140
88
45
21
16
39
88
146
186
189
150
86
18
-35
-66
-70
-56
-43
-34
-15
22
66
92
87
59
37
55
115
192
239
242
213
176
147
138
141
150
150
146
146
155
159
149
113
66
30
39
101
195
281
319
303
247
185
130
86
50
12
-26
-57
-64
-47
-32
-40
-76
-127
-169
-184
-177
-164
-164
-179
-188
-180
-149
-103
-49
0
45
86
116
122
90
32
-28
-70
-82
-62
-24
17
42
45
25
-5
-37
-69
-105
-146
-185
-214
-223
-206
-170
-130
-101
-84
-69
-53
-39
-29
-30
-45
-61
-69
-66
-52
-25
7
39
70
91
100
96
88
84
88
97
109
124
141
154
152
132
95
49
4
-32
-57
-70
-79
-89
-95
-89
-70
-47
-29
-23
-25
-28
-26
-17
-8
-3
-1
0
6
21
44
66
84
93
97
95
85
68
43
15
-10
-19
-6
29
68
96
101
88
65
42
20
-5
-33
-64
-90
-103
-95
-74
-52
-38
-33
-32
-24
-11
1
5
-5
-21
-33
-33
-18
7
33
56
72
80
79
66
43
16
-8
-22
-21
-7
10
24
29
23
13
2
-8
-20
-35
-46
-54
-52
-43
-27
-10
2
8
10
8
6
2
-7
-20
-36
-48
-56
-58
-55
-46
-32
-15
0
13
18
14
6
-3
-8
-6
3
16
31
44
50
48
38
26
11
-2
-13
-26
-36
-46
-49
-46
-39
-29
-24
-22
-22
-20
-17
-13
-12
-15
-20
-26
-28
-23
-12
1
15
29
41
48
52
50
42
33
24
20
25
36
49
56
56
50
41
31
17
3
-10
-23
-33
-35
-29
-19
-12
-8
-7
-7
-3
4
8
7
3
-2
0
7
18
31
41
48
51
49
43
32
17
4
-9
-15
-16
-12
-9
-8
-10
-13
-16
-17
-17
-21
-26
-32
-39
-39
-37
-27
-19
-10
-4
1
4
6
7
4
-4
-11
-19
-24
-27
-26
-22
-17
-10
-3
0
0
-1
-3
-6
-7
-7
-6
-3
-1
2
3
4
3
2
2
2
2
1
-1
-4
-5
-5
-3
-2
-2
-1
0
3
4
4
2
-2
-4
-7
-7
-4
0
7
13
18
20
22
22
20
17
13
12
13
18
26
31
34
32
29
24
18
11
4
-4
-10
-14
-15
-14
-11
-11
-12
-12
-12
-8
-5
-3
-3
-5
-7
-6
-4
-1
4
8
13
16
16
15
12
7
3
-1
-4
-5
-5
-5
-6
-8
-9
-10
-10
-11
-11
-14
-16
-17
-17
-15
-13
-11
-10
-9
-7
-5
-3
0
0
0
-1
-3
-3
-3
-3
-1
0
1
2
4
4
4
3
2
1
0
1
1
2
2
3
3
3
2
2
2
1
0
0
0
0
0
1
3
4
4
6
6
6
5
3
1
0
-3
-3
-2
-1
1
2
3
4
4
4
4
3
2
2
4
5
7
8
8
7
6
6
4
3
1
-2
-4
-4
-4
-4
-4
-6
-6
-6
-6
-4
-3
-2
-3
-4
-4
-4
-2
-1
1
2
2
2
3
1
1
0
0
0
0
1
1
1
0
0
-1
-2
-2
-2
-4
-4
-4
-5
-4
-4
-4
-3
-2
-2
-2
-1
0
0
0
0
0
0
-1
0
1
1
1
2
3
4
5
4
3
3
2
1
1
1
1
0
0
0
-1
-1
-1
-2
-2
-2
-1
-1
0
0
-1
-1
-1
0
1
1
1
2
0
0
0
0
0
0
1
1
1
1
1
1
1
0
1
0
0
1
2
2
2
2
1
1
0
0
-1
-1
-2
-3
-1
-1
0
-1
0
-1
-1
0
0
0
0
-1
-1
0
0
0
1
0
2
1
0
0
1
0
1
0
0
1
0
1
1
1
0
0
-1
-1
-1
-1
-1
0
-2
-1
0
-1
0
-1
-2
0
-1
0
-1
-1
-1
-2
-2
-2
-1
0
0
0
1
0
1
0
1
1
1
1
1
1
0
1
0
0
-1
-1
0
-1
-2
-2
0
-1
0
0
-1
-1
-1
0
0
0
0
0
-1
0
0
0
0
0
1
1
1
1
1
1
0
1
1
0
0
2
2
1
1
2
1
0
0
0
0
-1
-1
0
-1
-1
0
-1
0
-1
0
0
0
0
1
1
1
1
1
1
1
1
1
0
0
0
0
0
0
0
0
-1
-1
0
0
0
-1
0
-1
0
-1
0
-1
-2
-1
-1
-1
0
0
-1
0
0
0
-1
0
-1
-1
0
-1
-1
-1
0
-1
0
0
0
0
0
0
0
-1
0
0
-1
1
1
0
0
1
0
1
0
0
0
0
-1
-1
0
-1
0
-1
0
0
-1
0
0
-1
-1
0
0
0
0
0
1
0
1
0
1
1
1
0
0
1
1
0
1
1
0
0
0
0
1
0
0
0
0
0
-1
0
0
0
0
0
-1
0
0
0
0
0
0
1
0
1
1
1
0
1
1
0
0
1
1
0
0
-1
1
0
0
0
0
0
0
0
0
0
0
0
0
0
0
0
0
0
0
1
0
0
0
-1
0
1
0
1
0
-1
0
0
0
0
0
1
0
0
-1
-1
0
0
0
1
0
0
0
1
0
0
-1
0
0
0
0
0
0
0
1
0
0
1
1
0
0
0
-1
0
0
-1
0
-1
1
0
0
0
0
0
0
1
0
0
0
1
0
0
-1
1
0
0
0
0
0
-1
0
-1
0
1
0
-1
0
0
0
-1
0
0
0
0
-1
0
0
0
0
0
0
0
0
-1
-1
0
0
0
1
0
0
1
-1
0
-1
0
-1
0
0
0
1
-1
0
0
0
0
-1
0
0
0
0
1
0
0
0
0
-1
0
0
0
0
1
0
0
0
0
0
0
0
0
1
0
-1
1
0
0
0
-1
-1
0
0
0
0
0
-1
0
0
0
0
0
0
-1
0
0
-1
0
0
0
0
0
0
0
0
0
1
0
1
0
-1
1
0
0
-1
0
0
0
0
0
0
0
0
0
1
0
0
0
-1
0
0
0
0
-1
0
0
1
-1
0
0
0
0
0
0
0
